1522661303.792990000	0	316	1
1522661303.808975000	0.015985	159	1
1522661303.809181000	0.016191	344	0
1522661303.809497000	0.0165071	474	1
1522661303.825871000	0.032881	135	0
1522661303.826116000	0.0331261	104	1
1522661303.826401000	0.033411	104	0
1522661303.885205000	0.0922151	74	0
1522661303.909135000	0.116145	650	0
1522661303.909166000	0.116176	74	1
1522661303.909401000	0.116411	1294	0
1522661303.909662000	0.116672	1294	0
1522661303.909664000	0.116674	1294	0
1522661303.909678000	0.116688	74	1
1522661303.909968000	0.116978	1294	0
1522661303.909970000	0.11698	1294	0
1522661303.909980000	0.11699	74	1
1522661303.910226000	0.117236	1294	0
1522661303.910498000	0.117508	1294	0
1522661303.910510000	0.11752	74	1
1522661303.910635000	0.117645	739	0
1522661303.917283000	0.124293	1294	0
1522661303.917319000	0.124329	74	1
1522661303.917539000	0.124549	1294	0
1522661303.917606000	0.124616	1294	0
1522661303.917626000	0.124636	74	1
1522661303.917815000	0.124825	1294	0
1522661303.918119000	0.125129	1294	0
1522661303.918129000	0.125139	74	1
1522661303.925575000	0.132585	1294	0
1522661303.925829000	0.132839	1294	0
1522661303.925852000	0.132862	74	1
1522661303.925979000	0.132989	1294	0
1522661303.926125000	0.133135	1294	0
1522661303.926140000	0.13315	74	1
1522661303.926259000	0.133269	1294	0
1522661303.926399000	0.133409	1294	0
1522661303.926408000	0.133418	74	1
1522661303.926550000	0.13356	1294	0
1522661303.926680000	0.13369	1294	0
1522661303.926692000	0.133702	74	1
1522661303.926753000	0.133763	895	0
1522661303.928202000	0.135212	1294	0
1522661303.928231000	0.135241	74	1
1522661303.928494000	0.135504	1294	0
1522661303.928763000	0.135773	1294	0
1522661303.928776000	0.135786	74	1
1522661303.929041000	0.136051	1294	0
1522661303.929194000	0.136204	1294	0
1522661303.929207000	0.136217	74	1
1522661303.929342000	0.136352	1294	0
1522661303.930237000	0.137247	1294	0
1522661303.930254000	0.137264	74	1
1522661303.930525000	0.137535	1294	0
1522661303.930820000	0.13783	1294	0
1522661303.930833000	0.137843	74	1
1522661303.934824000	0.141834	1294	0
1522661303.935084000	0.142094	1294	0
1522661303.935102000	0.142112	74	1
1522661303.935170000	0.14218	1294	0
1522661303.935383000	0.142393	1294	0
1522661303.935395000	0.142405	74	1
1522661303.935700000	0.14271	1294	0
1522661303.935703000	0.142713	1294	0
1522661303.935713000	0.142723	74	1
1522661303.939873000	0.146883	1294	0
1522661303.940145000	0.147155	1294	0
1522661303.940178000	0.147188	74	1
1522661303.940442000	0.147452	1294	0
1522661303.941135000	0.148145	1294	0
1522661303.941151000	0.148161	74	1
1522661303.941408000	0.148418	1294	0
1522661303.941689000	0.148699	1294	0
1522661303.941702000	0.148712	74	1
1522661303.941978000	0.148988	1294	0
1522661303.942261000	0.149271	1294	0
1522661303.942273000	0.149283	74	1
1522661303.942557000	0.149567	1294	0
1522661303.943250000	0.15026	1294	0
1522661303.943265000	0.150275	74	1
1522661303.943331000	0.150341	74	1
1522661303.943564000	0.150574	1294	0
1522661303.943842000	0.150852	1294	0
1522661303.943854000	0.150864	74	1
1522661303.944116000	0.151126	1294	0
1522661303.944413000	0.151423	1294	0
1522661303.944423000	0.151433	74	1
1522661303.944685000	0.151695	1294	0
1522661303.945478000	0.152488	1294	0
1522661303.945501000	0.152511	74	1
1522661303.945750000	0.15276	1294	0
1522661303.946040000	0.15305	1294	0
1522661303.946052000	0.153062	74	1
1522661303.946930000	0.15394	1090	0
1522661303.947180000	0.15419	112	1
1522661303.966694000	0.173704	74	0
1522661304.041053000	0.248063	327	1
1522661304.041342000	0.248352	169	1
1522661304.059677000	0.266687	74	0
1522661304.060012000	0.267022	74	0
1522661304.078584000	0.285594	252	0
1522661304.078919000	0.285929	1294	0
1522661304.078945000	0.285955	74	1
1522661304.079213000	0.286223	1294	0
1522661304.079279000	0.286289	1294	0
1522661304.079292000	0.286302	74	1
1522661304.079540000	0.28655	1294	0
1522661304.079609000	0.286619	425	0
1522661304.079610000	0.28662	112	0
1522661304.079612000	0.286622	147	0
1522661304.079625000	0.286635	74	1
1522661304.079898000	0.286908	1294	0
1522661304.079970000	0.28698	1294	0
1522661304.079981000	0.286991	74	1
1522661304.080174000	0.287184	1294	0
1522661304.080176000	0.287186	87	0
1522661304.080197000	0.287207	86	1
1522661304.080418000	0.287428	112	1
1522661304.080496000	0.287506	1294	0
1522661304.080512000	0.287522	86	1
1522661304.080774000	0.287784	1294	0
1522661304.080789000	0.287799	74	1
1522661304.155991000	0.363001	74	0
1522661304.170438000	0.377448	248	1
1522661304.172007000	0.379017	250	1
1522661304.187413000	0.394423	74	0
1522661304.189940000	0.39695	74	0
1522661304.190436000	0.397446	262	0
1522661304.190787000	0.397797	1294	0
1522661304.190809000	0.397819	74	1
1522661304.190961000	0.397971	1294	0
1522661304.191238000	0.398248	1294	0
1522661304.191254000	0.398264	74	1
1522661304.191388000	0.398398	1294	0
1522661304.191531000	0.398541	1294	0
1522661304.191544000	0.398554	74	1
1522661304.191664000	0.398674	1294	0
1522661304.191807000	0.398817	1294	0
1522661304.191820000	0.39883	74	1
1522661304.191961000	0.398971	1294	0
1522661304.192104000	0.399114	1294	0
1522661304.192118000	0.399128	74	1
1522661304.192251000	0.399261	1294	0
1522661304.192530000	0.39954	1294	0
1522661304.192545000	0.399555	74	1
1522661304.192807000	0.399817	1294	0
1522661304.192890000	0.3999	1294	0
1522661304.192900000	0.39991	74	1
1522661304.193082000	0.400092	1294	0
1522661304.193393000	0.400403	1294	0
1522661304.193406000	0.400416	74	1
1522661304.194352000	0.401362	1294	0
1522661304.194498000	0.401508	1294	0
1522661304.194512000	0.401522	74	1
1522661304.194968000	0.401978	1294	0
1522661304.195242000	0.402252	1294	0
1522661304.195257000	0.402267	74	1
1522661304.195326000	0.402336	1294	0
1522661304.195584000	0.402594	1294	0
1522661304.195597000	0.402607	74	1
1522661304.195863000	0.402873	1294	0
1522661304.195938000	0.402948	1294	0
1522661304.195953000	0.402963	74	1
1522661304.196159000	0.403169	1294	0
1522661304.196237000	0.403247	1294	0
1522661304.196239000	0.403249	1294	0
1522661304.196254000	0.403264	74	1
1522661304.196492000	0.403502	1294	0
1522661304.196495000	0.403505	1294	0
1522661304.196509000	0.403519	74	1
1522661304.196570000	0.40358	1294	0
1522661304.196778000	0.403788	1294	0
1522661304.196789000	0.403799	74	1
1522661304.196859000	0.403869	1294	0
1522661304.196970000	0.40398	74	1
1522661304.197102000	0.404112	1294	0
1522661304.197379000	0.404389	1294	0
1522661304.197392000	0.404402	74	1
1522661304.197659000	0.404669	1294	0
1522661304.197948000	0.404958	1294	0
1522661304.197963000	0.404973	74	1
1522661304.198227000	0.405237	1294	0
1522661304.198302000	0.405312	1294	0
1522661304.198315000	0.405325	74	1
1522661304.198521000	0.405531	1294	0
1522661304.198597000	0.405607	1294	0
1522661304.198610000	0.40562	74	1
1522661304.198858000	0.405868	1294	0
1522661304.199151000	0.406161	1294	0
1522661304.199165000	0.406175	74	1
1522661304.199443000	0.406453	1294	0
1522661304.199720000	0.40673	1294	0
1522661304.199736000	0.406746	74	1
1522661304.199994000	0.407004	1294	0
1522661304.200070000	0.40708	1294	0
1522661304.200079000	0.407089	74	1
1522661304.200275000	0.407285	1294	0
1522661304.200345000	0.407355	1294	0
1522661304.200355000	0.407365	74	1
1522661304.200622000	0.407632	1294	0
1522661304.200895000	0.407905	1294	0
1522661304.200909000	0.407919	74	1
1522661304.201201000	0.408211	1294	0
1522661304.201469000	0.408479	1294	0
1522661304.201483000	0.408493	74	1
1522661304.201779000	0.408789	1294	0
1522661304.202057000	0.409067	1294	0
1522661304.202072000	0.409082	74	1
1522661304.206897000	0.413907	1294	0
1522661304.207166000	0.414176	1294	0
1522661304.207192000	0.414202	74	1
1522661304.207437000	0.414447	1294	0
1522661304.207503000	0.414513	1294	0
1522661304.207516000	0.414526	74	1
1522661304.207736000	0.414746	1294	0
1522661304.207815000	0.414825	1294	0
1522661304.207826000	0.414836	74	1
1522661304.208014000	0.415024	1294	0
1522661304.208085000	0.415095	1294	0
1522661304.208097000	0.415107	74	1
1522661304.208313000	0.415323	1294	0
1522661304.208381000	0.415391	1294	0
1522661304.208394000	0.415404	74	1
1522661304.208593000	0.415603	1294	0
1522661304.208596000	0.415606	1294	0
1522661304.208610000	0.41562	74	1
1522661304.209289000	0.416299	1294	0
1522661304.209566000	0.416576	1294	0
1522661304.209580000	0.41659	74	1
1522661304.209847000	0.416857	1294	0
1522661304.210136000	0.417146	1294	0
1522661304.210150000	0.41716	74	1
1522661304.211694000	0.418704	1294	0
1522661304.213210000	0.42022	1294	0
1522661304.213235000	0.420245	74	1
1522661304.213421000	0.420431	1294	0
1522661304.213495000	0.420505	1294	0
1522661304.213507000	0.420517	74	1
1522661304.213731000	0.420741	1294	0
1522661304.213806000	0.420816	1294	0
1522661304.213818000	0.420828	74	1
1522661304.214008000	0.421018	1294	0
1522661304.214082000	0.421092	1294	0
1522661304.214094000	0.421104	74	1
1522661304.214281000	0.421291	1294	0
1522661304.214350000	0.42136	1294	0
1522661304.214365000	0.421375	74	1
1522661304.214512000	0.421522	1294	0
1522661304.214586000	0.421596	1294	0
1522661304.214595000	0.421605	74	1
1522661304.214655000	0.421665	1294	0
1522661304.214805000	0.421815	1294	0
1522661304.214818000	0.421828	74	1
1522661304.214878000	0.421888	1294	0
1522661304.214944000	0.421954	1294	0
1522661304.214956000	0.421966	74	1
1522661304.215085000	0.422095	1294	0
1522661304.215154000	0.422164	1294	0
1522661304.215165000	0.422175	74	1
1522661304.215452000	0.422462	1294	0
1522661304.215644000	0.422654	1294	0
1522661304.215657000	0.422667	74	1
1522661304.215720000	0.42273	1294	0
1522661304.215933000	0.422943	1294	0
1522661304.215945000	0.422955	74	1
1522661304.216024000	0.423034	1294	0
1522661304.216226000	0.423236	1294	0
1522661304.216243000	0.423253	74	1
1522661304.216306000	0.423316	1294	0
1522661304.216595000	0.423605	1294	0
1522661304.216607000	0.423617	74	1
1522661304.216872000	0.423882	1294	0
1522661304.217161000	0.424171	1294	0
1522661304.217175000	0.424185	74	1
1522661304.219357000	0.426367	1294	0
1522661304.219646000	0.426656	1294	0
1522661304.219667000	0.426677	74	1
1522661304.219740000	0.42675	1294	0
1522661304.220000000	0.42701	1294	0
1522661304.220003000	0.427013	1294	0
1522661304.220019000	0.427029	74	1
1522661304.220214000	0.427224	1294	0
1522661304.220284000	0.427294	1294	0
1522661304.220295000	0.427305	74	1
1522661304.220448000	0.427458	1294	0
1522661304.220519000	0.427529	1294	0
1522661304.220530000	0.42754	74	1
1522661304.220591000	0.427601	1294	0
1522661304.220696000	0.427706	1294	0
1522661304.220709000	0.427719	74	1
1522661304.220787000	0.427797	1294	0
1522661304.220856000	0.427866	1294	0
1522661304.220870000	0.42788	74	1
1522661304.221010000	0.42802	1294	0
1522661304.223275000	0.430285	74	1
1522661304.224866000	0.431876	1294	0
1522661304.225023000	0.432033	1294	0
1522661304.225039000	0.432049	74	1
1522661304.225151000	0.432161	1294	0
1522661304.225220000	0.43223	1294	0
1522661304.225231000	0.432241	74	1
1522661304.225292000	0.432302	1294	0
1522661304.225502000	0.432512	1294	0
1522661304.225505000	0.432515	1294	0
1522661304.225520000	0.43253	74	1
1522661304.225578000	0.432588	1294	0
1522661304.225753000	0.432763	1294	0
1522661304.225765000	0.432775	74	1
1522661304.225881000	0.432891	1294	0
1522661304.226028000	0.433038	1294	0
1522661304.226041000	0.433051	74	1
1522661304.226099000	0.433109	1294	0
1522661304.226172000	0.433182	1294	0
1522661304.226185000	0.433195	74	1
1522661304.226241000	0.433251	954	0
1522661304.226261000	0.433271	86	1
1522661304.227379000	0.434389	1294	0
1522661304.227407000	0.434417	86	1
1522661304.227658000	0.434668	1294	0
1522661304.227680000	0.43469	74	1
1522661304.228914000	0.435924	112	1
1522661304.249669000	0.456679	86	1
1522661304.249908000	0.456918	86	1
1522661304.292296000	0.499306	74	0
1522661304.407345000	0.614355	317	1
1522661304.425611000	0.632621	74	0
1522661304.426165000	0.633175	203	0
1522661304.426521000	0.633531	1294	0
1522661304.426542000	0.633552	74	1
1522661304.426684000	0.633694	1294	0
1522661304.426813000	0.633823	1294	0
1522661304.426826000	0.633836	74	1
1522661304.426961000	0.633971	1294	0
1522661304.427092000	0.634102	1294	0
1522661304.427103000	0.634113	74	1
1522661304.427256000	0.634266	1294	0
1522661304.427449000	0.634459	1294	0
1522661304.427451000	0.634461	1294	0
1522661304.427464000	0.634474	74	1
1522661304.427544000	0.634554	1294	0
1522661304.427676000	0.634686	1294	0
1522661304.427690000	0.6347	74	1
1522661304.427748000	0.634758	1294	0
1522661304.427826000	0.634836	1294	0
1522661304.427836000	0.634846	74	1
1522661304.427957000	0.634967	1294	0
1522661304.428100000	0.63511	1294	0
1522661304.428113000	0.635123	74	1
1522661304.428233000	0.635243	1294	0
1522661304.428407000	0.635417	1294	0
1522661304.428409000	0.635419	1294	0
1522661304.428423000	0.635433	74	1
1522661304.428532000	0.635542	1294	0
1522661304.428683000	0.635693	1294	0
1522661304.428686000	0.635696	1294	0
1522661304.428699000	0.635709	74	1
1522661304.428805000	0.635815	1294	0
1522661304.428966000	0.635976	1294	0
1522661304.428979000	0.635989	74	1
1522661304.429106000	0.636116	1294	0
1522661304.429243000	0.636253	1294	0
1522661304.429255000	0.636265	74	1
1522661304.429384000	0.636394	1294	0
1522661304.429519000	0.636529	1294	0
1522661304.429533000	0.636543	74	1
1522661304.429678000	0.636688	1294	0
1522661304.429829000	0.636839	1294	0
1522661304.429843000	0.636853	74	1
1522661304.429973000	0.636983	1294	0
1522661304.429975000	0.636985	822	0
1522661304.429988000	0.636998	74	1
1522661304.430154000	0.637164	112	1
1522661304.450340000	0.65735	145	1
1522661304.468943000	0.675953	74	0
1522661304.469389000	0.676399	200	0
1522661304.469478000	0.676488	362	0
1522661304.469480000	0.67649	112	0
1522661304.469502000	0.676512	74	1
1522661304.469852000	0.676862	112	1
1522661304.530711000	0.737721	74	0
1522661304.755419000	0.962429	157	1
1522661304.760517000	0.967527	377	1
1522661304.766606000	0.973616	158	1
1522661304.771662000	0.978672	74	0
1522661304.776871000	0.983881	74	0
1522661304.786583000	0.993593	74	0
1522661304.790464000	0.997474	194	0
1522661304.790795000	0.997805	1294	0
1522661304.790823000	0.997833	74	1
1522661304.791001000	0.998011	1294	0
1522661304.791072000	0.998082	1294	0
1522661304.791085000	0.998095	74	1
1522661304.791145000	0.998155	1294	0
1522661304.791299000	0.998309	1294	0
1522661304.791315000	0.998325	74	1
1522661304.791381000	0.998391	1294	0
1522661304.791384000	0.998394	1294	0
1522661304.791399000	0.998409	74	1
1522661304.791457000	0.998467	1294	0
1522661304.791577000	0.998587	1294	0
1522661304.791589000	0.998599	74	1
1522661304.791652000	0.998662	1294	0
1522661304.791654000	0.998664	1294	0
1522661304.791667000	0.998677	74	1
1522661304.791869000	0.998879	1294	0
1522661304.791938000	0.998948	1294	0
1522661304.791941000	0.998951	268	0
1522661304.791954000	0.998964	74	1
1522661304.792019000	0.999029	1139	0
1522661304.792022000	0.999032	104	0
1522661304.792023000	0.999033	112	0
1522661304.792036000	0.999046	74	1
1522661304.792339000	0.999349	74	1
1522661304.792596000	0.999606	112	1
1522661304.798049000	1.00506	140	0
1522661304.798051000	1.00506	104	0
1522661304.798083000	1.00509	74	1
1522661304.804910000	1.01192	159	0
1522661304.805270000	1.01228	1294	0
1522661304.805290000	1.0123	74	1
1522661304.805379000	1.01239	694	0
1522661304.848649000	1.05566	74	0
1522661304.868073000	1.07508	187	1
1522661304.886058000	1.09307	74	0
1522661304.923806000	1.13082	211	0
1522661304.923873000	1.13088	320	0
1522661304.923883000	1.13089	74	1
1522661304.923943000	1.13095	112	0
1522661304.924255000	1.13126	112	1
1522661304.982044000	1.18905	74	0
1522661304.984542000	1.19155	188	1
1522661305.000895000	1.20791	74	0
1522661305.039252000	1.24626	147	0
1522661305.039348000	1.24636	350	0
1522661305.039350000	1.24636	112	0
1522661305.039371000	1.24638	74	1
1522661305.039757000	1.24677	112	1
1522661305.095686000	1.3027	74	0
1522661305.257361000	1.46437	188	1
1522661305.273397000	1.48041	74	0
1522661305.308770000	1.51578	171	0
1522661305.308772000	1.51578	300	0
1522661305.308774000	1.51578	104	0
1522661305.308818000	1.51583	74	1
1522661305.308888000	1.5159	112	0
1522661305.309298000	1.51631	112	1
1522661305.366659000	1.57367	74	0
1522661305.517884000	1.72489	189	1
1522661305.537772000	1.74478	74	0
1522661305.571620000	1.77863	147	0
1522661305.571622000	1.77863	306	0
1522661305.571663000	1.77867	74	1
1522661305.572792000	1.7798	104	0
1522661305.572831000	1.77984	112	0
1522661305.572843000	1.77985	74	1
1522661305.573268000	1.78028	112	1
1522661305.640121000	1.84713	74	0
1522661305.684672000	1.89168	191	1
1522661305.701230000	1.90824	74	0
1522661305.741260000	1.94827	147	0
1522661305.741370000	1.94838	339	0
1522661305.741372000	1.94838	112	0
1522661305.741397000	1.94841	74	1
1522661305.741717000	1.94873	112	1
1522661305.800047000	2.00706	74	0
1522661305.913363000	2.12037	192	1
1522661305.937016000	2.14403	74	0
1522661305.968067000	2.17508	108	1
1522661305.968430000	2.17544	192	1
1522661305.972168000	2.17918	147	0
1522661305.972250000	2.17926	304	0
1522661305.972263000	2.17927	74	1
1522661305.972424000	2.17943	104	0
1522661305.972492000	2.1795	112	0
1522661305.972504000	2.17951	74	1
1522661305.972636000	2.17965	112	1
1522661305.991262000	2.19827	74	0
1522661306.028127000	2.23514	144	0
1522661306.028130000	2.23514	334	0
1522661306.028164000	2.23517	74	1
1522661306.028236000	2.23525	112	0
1522661306.028596000	2.23561	112	1
1522661306.089662000	2.29667	74	0
1522661306.141840000	2.34885	348	1
1522661306.160741000	2.36775	74	0
1522661306.181002000	2.38801	140	0
1522661306.181004000	2.38801	104	0
1522661306.181035000	2.38805	74	1
1522661306.181104000	2.38811	112	0
1522661306.181816000	2.38883	112	1
1522661306.241570000	2.44858	74	0
1522661306.327346000	2.53436	195	1
1522661306.343953000	2.55096	74	0
1522661306.381632000	2.58864	170	0
1522661306.381712000	2.58872	305	0
1522661306.381727000	2.58874	74	1
1522661306.382699000	2.58971	104	0
1522661306.382772000	2.58978	112	0
1522661306.382784000	2.58979	74	1
1522661306.383123000	2.59013	112	1
1522661306.401728000	2.60874	196	1
1522661306.419694000	2.6267	74	0
1522661306.454917000	2.66193	148	0
1522661306.455003000	2.66201	297	0
1522661306.455021000	2.66203	74	1
1522661306.455832000	2.66284	104	0
1522661306.455898000	2.66291	112	0
1522661306.455910000	2.66292	74	1
1522661306.456396000	2.66341	112	1
1522661306.501383000	2.70839	199	1
1522661306.513480000	2.72049	74	0
1522661306.518021000	2.72503	74	0
1522661306.555641000	2.76265	144	0
1522661306.555644000	2.76265	305	0
1522661306.555646000	2.76266	104	0
1522661306.555686000	2.7627	74	1
1522661306.556108000	2.76312	112	0
1522661306.556287000	2.7633	112	1
1522661306.559346000	2.76636	316	1
1522661306.577582000	2.78459	74	0
1522661306.598689000	2.8057	140	0
1522661306.598691000	2.8057	104	0
1522661306.598693000	2.8057	112	0
1522661306.598744000	2.80575	74	1
1522661306.599152000	2.80616	112	1
1522661306.637647000	2.84466	200	1
1522661306.654511000	2.86152	74	0
1522661306.690639000	2.89765	147	0
1522661306.690641000	2.89765	295	0
1522661306.690678000	2.89769	74	1
1522661306.691819000	2.89883	104	0
1522661306.691821000	2.89883	112	0
1522661306.691842000	2.89885	74	1
1522661306.692257000	2.89927	112	1
1522661306.751732000	2.95874	74	0
1522661306.993296000	3.20031	200	1
1522661307.009626000	3.21664	74	0
1522661307.045210000	3.25222	147	0
1522661307.045305000	3.25232	294	0
1522661307.045307000	3.25232	104	0
1522661307.045326000	3.25234	74	1
1522661307.045735000	3.25274	112	0
1522661307.046502000	3.25351	112	1
1522661307.103583000	3.31059	74	0
1522661307.119644000	3.32665	201	1
1522661307.136238000	3.34325	74	0
1522661307.173006000	3.38002	148	0
1522661307.173122000	3.38013	287	0
1522661307.173144000	3.38015	74	1
1522661307.173928000	3.38094	104	0
1522661307.173995000	3.38101	112	0
1522661307.174010000	3.38102	74	1
1522661307.174539000	3.38155	112	1
1522661307.231019000	3.43803	74	0
1522661307.378038000	3.58505	202	1
1522661307.394914000	3.60192	74	0
1522661307.436458000	3.64347	171	0
1522661307.436460000	3.64347	312	0
1522661307.436494000	3.6435	74	1
1522661307.436575000	3.64358	112	0
1522661307.436919000	3.64393	112	1
1522661307.454405000	3.66142	74	0
1522661307.473337000	3.68035	202	1
1522661307.489535000	3.69655	74	0
1522661307.529866000	3.73688	144	0
1522661307.529951000	3.73696	282	0
1522661307.529976000	3.73699	74	1
1522661307.531195000	3.7382	104	0
1522661307.531284000	3.73829	112	0
1522661307.531295000	3.73831	74	1
1522661307.531674000	3.73868	112	1
1522661307.547381000	3.75439	74	0
1522661307.748740000	3.95575	204	1
1522661307.765073000	3.97208	74	0
1522661307.803072000	4.01008	147	0
1522661307.803174000	4.01018	349	0
1522661307.803176000	4.01019	112	0
1522661307.803198000	4.01021	74	1
1522661307.803611000	4.01062	112	1
1522661307.864737000	4.07175	74	0
1522661307.889059000	4.09607	205	1
1522661307.907012000	4.11402	74	0
1522661307.945794000	4.1528	147	0
1522661307.945890000	4.1529	360	0
1522661307.945893000	4.1529	112	0
1522661307.945915000	4.15293	74	1
1522661307.946313000	4.15332	112	1
1522661308.020101000	4.22711	74	0
1522661308.189608000	4.39662	206	1
1522661308.206528000	4.41354	74	0
1522661308.243898000	4.45091	167	0
1522661308.243994000	4.451	324	0
1522661308.243996000	4.45101	112	0
1522661308.244018000	4.45103	74	1
1522661308.244381000	4.45139	112	1
1522661308.307891000	4.5149	74	0
1522661308.440417000	4.64743	188	1
1522661308.463003000	4.67001	74	0
1522661308.554224000	4.76123	216	0
1522661308.554570000	4.76158	1294	0
1522661308.554591000	4.7616	74	1
1522661308.554656000	4.76167	1294	0
1522661308.554850000	4.76186	1294	0
1522661308.554865000	4.76187	74	1
1522661308.554935000	4.76195	1294	0
1522661308.555123000	4.76213	1294	0
1522661308.555134000	4.76214	74	1
1522661308.555218000	4.76223	1294	0
1522661308.555485000	4.7625	1294	0
1522661308.555488000	4.7625	1093	0
1522661308.555490000	4.7625	135	0
1522661308.555505000	4.76252	74	1
1522661308.574715000	4.78172	1294	0
1522661308.574924000	4.78193	1294	0
1522661308.574944000	4.78195	74	1
1522661308.575014000	4.78202	1294	0
1522661308.575133000	4.78214	1294	0
1522661308.575143000	4.78215	74	1
1522661308.575316000	4.78233	1294	0
1522661308.575405000	4.78241	1294	0
1522661308.575417000	4.78243	74	1
1522661308.575593000	4.7826	1294	0
1522661308.575671000	4.78268	1294	0
1522661308.575681000	4.78269	74	1
1522661308.575772000	4.78278	1294	0
1522661308.575868000	4.78288	1294	0
1522661308.575878000	4.78289	74	1
1522661308.575962000	4.78297	1294	0
1522661308.576052000	4.78306	1294	0
1522661308.576063000	4.78307	74	1
1522661308.576163000	4.78317	1294	0
1522661308.576249000	4.78326	895	0
1522661308.576259000	4.78327	74	1
1522661308.576455000	4.78347	1294	0
1522661308.576565000	4.78358	1294	0
1522661308.576579000	4.78359	74	1
1522661308.576732000	4.78374	1294	0
1522661308.576861000	4.78387	1294	0
1522661308.576873000	4.78388	74	1
1522661308.577026000	4.78404	1294	0
1522661308.577162000	4.78417	802	0
1522661308.577175000	4.78418	74	1
1522661308.969295000	5.17631	1294	0
1522661308.969545000	5.17655	1294	0
1522661308.969574000	5.17658	74	1
1522661308.969637000	5.17665	1294	0
1522661308.969774000	5.17678	1294	0
1522661308.969791000	5.1768	74	1
1522661308.969868000	5.17688	1294	0
1522661308.969871000	5.17688	1294	0
1522661308.969882000	5.17689	74	1
1522661308.970117000	5.17713	1294	0
1522661308.970120000	5.17713	1294	0
1522661308.970142000	5.17715	74	1
1522661308.970205000	5.17722	1294	0
1522661308.970348000	5.17736	1294	0
1522661308.970369000	5.17738	74	1
1522661308.970434000	5.17744	1294	0
1522661308.970711000	5.17772	1294	0
1522661308.970714000	5.17772	1294	0
1522661308.970716000	5.17773	161	0
1522661308.970739000	5.17775	74	1
1522661308.971663000	5.17867	1294	0
1522661308.971883000	5.17889	1294	0
1522661308.971892000	5.1789	74	1
1522661308.972194000	5.1792	1294	0
1522661308.972197000	5.17921	1294	0
1522661308.972217000	5.17923	74	1
1522661308.972460000	5.17947	1294	0
1522661308.972467000	5.17948	231	0
1522661308.972481000	5.17949	74	1
1522661308.983327000	5.19034	1294	0
1522661308.983638000	5.19065	1294	0
1522661308.983664000	5.19067	74	1
1522661308.983727000	5.19074	1294	0
1522661308.983839000	5.19085	1294	0
1522661308.983850000	5.19086	74	1
1522661308.983910000	5.19092	1294	0
1522661308.983971000	5.19098	1294	0
1522661308.983981000	5.19099	74	1
1522661308.984133000	5.19114	1294	0
1522661308.984211000	5.19122	1294	0
1522661308.984222000	5.19123	74	1
1522661308.984283000	5.19129	1294	0
1522661308.984411000	5.19142	1294	0
1522661308.984425000	5.19144	74	1
1522661308.984485000	5.19149	1227	0
1522661308.984504000	5.19151	86	1
1522661308.984709000	5.19172	1294	0
1522661308.984725000	5.19174	86	1
1522661308.984997000	5.19201	1294	0
1522661308.985013000	5.19202	74	1
1522661308.988814000	5.19582	1294	0
1522661308.989099000	5.19611	1294	0
1522661308.989117000	5.19613	74	1
1522661308.989198000	5.19621	1294	0
1522661308.989498000	5.19651	1294	0
1522661308.989518000	5.19653	74	1
1522661308.989577000	5.19659	1294	0
1522661308.989791000	5.1968	1294	0
1522661308.989806000	5.19682	74	1
1522661308.989864000	5.19687	1294	0
1522661308.990040000	5.19705	1294	0
1522661308.990054000	5.19706	74	1
1522661308.990117000	5.19713	1294	0
1522661308.990120000	5.19713	1294	0
1522661308.990131000	5.19714	74	1
1522661308.990329000	5.19734	1294	0
1522661308.990403000	5.19741	1294	0
1522661308.990405000	5.19742	1294	0
1522661308.990418000	5.19743	74	1
1522661308.990515000	5.19753	931	0
1522661308.990640000	5.19765	1294	0
1522661308.990653000	5.19766	74	1
1522661308.990834000	5.19784	1294	0
1522661308.990837000	5.19785	714	0
1522661308.990850000	5.19786	74	1
1522661308.999466000	5.20648	1294	0
1522661308.999571000	5.20658	1294	0
1522661308.999583000	5.20659	74	1
1522661308.999723000	5.20673	1294	0
1522661308.999844000	5.20685	1294	0
1522661308.999858000	5.20687	74	1
1522661309.000001000	5.20701	1294	0
1522661309.000124000	5.20713	1294	0
1522661309.000137000	5.20715	74	1
1522661309.000295000	5.2073	1294	0
1522661309.000622000	5.20763	1294	0
1522661309.000624000	5.20763	1294	0
1522661309.000638000	5.20765	74	1
1522661309.000760000	5.20777	1294	0
1522661309.000866000	5.20788	1294	0
1522661309.000879000	5.20789	74	1
1522661309.001038000	5.20805	1294	0
1522661309.001219000	5.20823	1294	0
1522661309.001221000	5.20823	187	0
1522661309.001236000	5.20825	74	1
1522661309.004808000	5.21182	1294	0
1522661309.005103000	5.21211	1294	0
1522661309.005118000	5.21213	74	1
1522661309.005181000	5.21219	1294	0
1522661309.005245000	5.21226	1294	0
1522661309.005257000	5.21227	74	1
1522661309.005411000	5.21242	1294	0
1522661309.005506000	5.21252	1294	0
1522661309.005515000	5.21253	74	1
1522661309.005705000	5.21272	1294	0
1522661309.005771000	5.21278	1294	0
1522661309.005782000	5.21279	74	1
1522661309.005838000	5.21285	1294	0
1522661309.005971000	5.21298	1294	0
1522661309.005983000	5.21299	74	1
1522661309.006092000	5.2131	1294	0
1522661309.006094000	5.2131	1294	0
1522661309.006106000	5.21312	74	1
1522661309.006274000	5.21328	1294	0
1522661309.006277000	5.21329	901	0
1522661309.006290000	5.2133	74	1
1522661309.006371000	5.21338	1294	0
1522661309.006556000	5.21357	1294	0
1522661309.006569000	5.21358	74	1
1522661309.006665000	5.21368	1294	0
1522661309.006668000	5.21368	627	0
1522661309.006681000	5.21369	74	1
1522661309.006814000	5.21382	112	1
1522661309.023307000	5.23032	74	0
1522661309.143078000	5.35009	198	1
1522661309.160812000	5.36782	74	0
1522661309.180921000	5.38793	140	0
1522661309.180923000	5.38793	104	0
1522661309.180979000	5.38799	74	1
1522661309.181047000	5.38806	112	0
1522661309.181876000	5.38889	112	1
1522661309.239015000	5.44603	74	0
1522661309.335971000	5.54298	372	1
1522661309.352865000	5.55988	74	0
1522661309.354354000	5.56136	180	0
1522661309.354711000	5.56172	1294	0
1522661309.354731000	5.56174	74	1
1522661309.355000000	5.56201	1294	0
1522661309.355003000	5.56201	1294	0
1522661309.355020000	5.56203	74	1
1522661309.355180000	5.56219	1294	0
1522661309.355251000	5.56226	1294	0
1522661309.355263000	5.56227	74	1
1522661309.355324000	5.56233	1294	0
1522661309.355474000	5.56248	1294	0
1522661309.355485000	5.56249	74	1
1522661309.355544000	5.56255	1294	0
1522661309.355607000	5.56262	1294	0
1522661309.355621000	5.56263	74	1
1522661309.355752000	5.56276	1294	0
1522661309.355830000	5.56284	74	1
1522661309.355841000	5.56285	1294	0
1522661309.355908000	5.56292	1294	0
1522661309.355920000	5.56293	74	1
1522661309.355978000	5.56299	1294	0
1522661309.356051000	5.56306	1294	0
1522661309.356061000	5.56307	74	1
1522661309.356122000	5.56313	1294	0
1522661309.356189000	5.5632	1294	0
1522661309.356199000	5.56321	74	1
1522661309.356259000	5.56327	1294	0
1522661309.356324000	5.56333	1294	0
1522661309.356334000	5.56334	74	1
1522661309.356396000	5.56341	1294	0
1522661309.356398000	5.56341	1294	0
1522661309.356411000	5.56342	74	1
1522661309.356475000	5.56349	1294	0
1522661309.356546000	5.56356	1294	0
1522661309.356557000	5.56357	74	1
1522661309.356616000	5.56363	1294	0
1522661309.356691000	5.5637	1294	0
1522661309.356700000	5.56371	74	1
1522661309.356761000	5.56377	1294	0
1522661309.356763000	5.56377	1294	0
1522661309.356776000	5.56379	74	1
1522661309.356892000	5.5639	1294	0
1522661309.357018000	5.56403	1294	0
1522661309.357020000	5.56403	1294	0
1522661309.357036000	5.56405	74	1
1522661309.357096000	5.56411	1294	0
1522661309.357198000	5.56421	1294	0
1522661309.357209000	5.56422	74	1
1522661309.357270000	5.56428	1294	0
1522661309.357535000	5.56454	1294	0
1522661309.357550000	5.56456	74	1
1522661309.357827000	5.56484	1294	0
1522661309.357893000	5.5649	1294	0
1522661309.357895000	5.5649	1294	0
1522661309.357906000	5.56492	74	1
1522661309.358099000	5.56511	1294	0
1522661309.358168000	5.56518	1294	0
1522661309.358170000	5.56518	1294	0
1522661309.358182000	5.56519	74	1
1522661309.358381000	5.56539	1294	0
1522661309.358453000	5.56546	1294	0
1522661309.358456000	5.56547	1294	0
1522661309.358458000	5.56547	1294	0
1522661309.358470000	5.56548	74	1
1522661309.358691000	5.5657	1294	0
1522661309.358694000	5.5657	1294	0
1522661309.358709000	5.56572	74	1
1522661309.358771000	5.56578	1294	0
1522661309.358957000	5.56597	1294	0
1522661309.358970000	5.56598	74	1
1522661309.359031000	5.56604	1294	0
1522661309.359097000	5.56611	1294	0
1522661309.359108000	5.56612	74	1
1522661309.359203000	5.56621	1294	0
1522661309.359267000	5.56628	1294	0
1522661309.359269000	5.56628	1294	0
1522661309.359286000	5.5663	74	1
1522661309.359504000	5.56651	1294	0
1522661309.359584000	5.56659	1294	0
1522661309.359586000	5.5666	1294	0
1522661309.359603000	5.56661	74	1
1522661309.359773000	5.56678	1294	0
1522661309.359846000	5.56686	1294	0
1522661309.359848000	5.56686	1294	0
1522661309.359863000	5.56687	74	1
1522661309.360021000	5.56703	1294	0
1522661309.360102000	5.56711	1294	0
1522661309.360112000	5.56712	74	1
1522661309.360404000	5.56741	1294	0
1522661309.360626000	5.56764	1294	0
1522661309.360638000	5.56765	74	1
1522661309.360696000	5.56771	1294	0
1522661309.360761000	5.56777	623	0
1522661309.360772000	5.56778	74	1
1522661309.361623000	5.56863	112	1
1522661309.391596000	5.59861	175	1
1522661309.422192000	5.6292	74	0
1522661309.445970000	5.65298	214	0
1522661309.445972000	5.65298	104	0
1522661309.446030000	5.65304	74	1
1522661309.446099000	5.65311	112	0
1522661309.446413000	5.65342	112	1
1522661309.506019000	5.71303	74	0
1522661309.624493000	5.8315	423	1
1522661309.641318000	5.84833	74	0
1522661309.661384000	5.86839	140	0
1522661309.661386000	5.8684	104	0
1522661309.661449000	5.86846	74	1
1522661309.661514000	5.86852	112	0
1522661309.662404000	5.86941	112	1
1522661309.719761000	5.92677	74	0
1522661311.516802000	7.72381	310	1
1522661311.533238000	7.74025	74	0
1522661311.553874000	7.76088	140	0
1522661311.553876000	7.76089	104	0
1522661311.553911000	7.76092	74	1
1522661311.553978000	7.76099	112	0
1522661311.554311000	7.76132	112	1
1522661311.610598000	7.81761	74	0
1522661314.626029000	10.833	348	1
1522661314.643956000	10.851	74	0
1522661314.664443000	10.8715	140	0
1522661314.664445000	10.8715	104	0
1522661314.664447000	10.8715	112	0
1522661314.664477000	10.8715	74	1
1522661314.665323000	10.8723	112	1
1522661314.723240000	10.9302	74	0
