1532574364.809694000	0	296	1
1532574364.852119000	0.0424249	82	0
1532574364.868862000	0.0591679	431	0
1532574364.868913000	0.0592189	78	0
1532574364.869181000	0.0594869	103	1
1532574365.907681000	1.09799	228	1
1532574365.949939000	1.14024	82	0
1532574366.150395000	1.3407	321	0
1532574366.151522000	1.34183	1412	0
1532574366.151665000	1.34197	103	1
1532574366.151858000	1.34216	1412	0
1532574366.152164000	1.34247	1412	0
1532574366.152181000	1.34249	172	0
1532574366.152379000	1.34268	100	1
1532574366.154320000	1.34463	1412	0
1532574366.154439000	1.34474	100	1
1532574366.154616000	1.34492	1412	0
1532574366.154932000	1.34524	1412	0
1532574366.154947000	1.34525	180	0
1532574366.155491000	1.3458	100	1
1532574366.155644000	1.34595	1412	0
1532574366.155838000	1.34614	100	1
1532574366.155978000	1.34628	1412	0
1532574366.156268000	1.34657	1325	0
1532574366.156474000	1.34678	100	1
1532574366.158469000	1.34877	1412	0
1532574366.158771000	1.34908	1412	0
1532574366.159519000	1.34982	1412	0
1532574366.159760000	1.35007	1196	0
1532574366.160225000	1.35053	100	1
1532574366.160322000	1.35063	100	1
1532574366.160511000	1.35082	1412	0
1532574366.160828000	1.35113	1412	0
1532574366.160930000	1.35124	100	1
1532574366.162227000	1.35253	1412	0
1532574366.162580000	1.35289	1412	0
1532574366.162684000	1.35299	100	1
1532574366.162907000	1.35321	1412	0
1532574366.163097000	1.3534	1009	0
1532574366.163185000	1.35349	100	1
1532574366.164871000	1.35518	1412	0
1532574366.165178000	1.35548	1412	0
1532574366.165288000	1.35559	100	1
1532574366.166261000	1.35657	1170	0
1532574366.179848000	1.37015	1412	0
1532574366.180130000	1.37044	1412	0
1532574366.181363000	1.37167	100	1
1532574366.182536000	1.37284	1412	0
1532574366.182558000	1.37286	192	0
1532574366.182835000	1.37314	1229	0
1532574366.183162000	1.37347	1412	0
1532574366.183491000	1.3738	1412	0
1532574366.184396000	1.3747	1412	0
1532574366.184415000	1.37472	182	0
1532574366.185987000	1.37629	1412	0
1532574366.186007000	1.37631	211	0
1532574366.186350000	1.37666	1412	0
1532574366.187053000	1.37736	1412	0
1532574366.187362000	1.37767	1412	0
1532574366.187379000	1.37768	182	0
1532574366.188374000	1.37868	100	1
1532574366.188463000	1.37877	1062	0
1532574366.188469000	1.37877	100	1
1532574366.188549000	1.37885	100	1
1532574366.188621000	1.37893	100	1
1532574366.188694000	1.379	100	1
1532574366.188753000	1.37906	100	1
1532574366.188830000	1.37914	113	1
1532574366.190945000	1.38125	1412	0
1532574366.191099000	1.3814	100	1
1532574366.191252000	1.38156	1412	0
1532574366.191981000	1.38229	1412	0
1532574366.192295000	1.3826	1412	0
1532574366.192509000	1.38281	1097	0
1532574366.196947000	1.38725	100	1
1532574366.197069000	1.38737	100	1
1532574366.231555000	1.42186	82	0
1532574366.620237000	1.81054	1412	1
1532574366.620344000	1.81065	1240	1
1532574366.638199000	1.82851	83	0
1532574366.664449000	1.85475	233	1
1532574366.706022000	1.89633	83	0
1532574366.771405000	1.96171	509	0
1532574366.775564000	1.96587	79	0
1532574366.815644000	2.00595	352	0
1532574366.816010000	2.00632	1412	0
1532574366.816335000	2.00664	1412	0
1532574366.816345000	2.00665	1412	0
1532574366.816357000	2.00666	176	0
1532574366.816725000	2.00703	1412	0
1532574366.817022000	2.00733	1412	0
1532574366.817245000	2.00755	1068	0
1532574366.819349000	2.00965	91	0
1532574366.819803000	2.01011	167	0
1532574366.826177000	2.01648	103	1
1532574366.826346000	2.01665	100	1
1532574366.826406000	2.01671	100	1
1532574366.826480000	2.01679	100	1
1532574366.826561000	2.01687	100	1
1532574366.826609000	2.01691	100	1
1532574367.391787000	2.58209	215	1
1532574367.437943000	2.62825	83	0
1532574367.484905000	2.67521	638	1
1532574367.485460000	2.67577	1125	1
1532574367.502460000	2.69277	83	0
1532574367.534225000	2.72453	402	0
1532574367.534491000	2.7248	1127	0
1532574367.534579000	2.72488	106	1
1532574367.538718000	2.72902	91	0
1532574367.540044000	2.73035	104	0
1532574367.540153000	2.73046	100	1
1532574367.704640000	2.89495	550	0
1532574367.704903000	2.89521	1164	0
1532574367.709007000	2.89931	363	0
1532574367.758932000	2.94924	544	0
1532574367.808392000	2.9987	1074	0
1532574368.009231000	3.19954	363	0
1532574368.009393000	3.1997	544	0
1532574368.303681000	3.49399	100	1
1532574368.303802000	3.49411	100	1
1532574368.303855000	3.49416	100	1
1532574368.328061000	3.51837	97	1
1532574368.407318000	3.59762	597	1
1532574368.449235000	3.63954	83	0
1532574368.464155000	3.65446	1412	0
1532574368.464448000	3.65475	1412	0
1532574368.464464000	3.65477	1412	0
1532574368.464587000	3.65489	813	0
1532574368.464599000	3.6549	91	0
1532574368.464666000	3.65497	315	0
1532574368.465774000	3.65608	103	1
1532574368.490059000	3.68036	106	1
1532574368.496578000	3.68688	258	1
1532574368.538906000	3.72921	83	0
1532574368.901001000	4.09131	580	0
1532574368.901054000	4.09136	91	0
1532574368.901127000	4.09143	337	0
1532574368.906088000	4.09639	106	1
1532574369.617282000	4.80759	1347	1
1532574369.659624000	4.84993	83	0
1532574369.727806000	4.91811	1341	1
1532574369.770342000	4.96065	83	0
1532574369.939348000	5.12965	1353	0
1532574369.944133000	5.13444	103	1
1532574370.704133000	5.89444	1389	1
1532574370.746611000	5.93692	83	0
1532574370.808639000	5.99894	1412	0
1532574370.808911000	5.99922	1412	0
1532574370.809225000	5.99953	1412	0
1532574370.809297000	5.9996	444	0
1532574370.809367000	5.99967	359	0
1532574370.813195000	6.0035	112	1
1532574370.860568000	6.05087	240	0
1532574370.861102000	6.05141	384	0
1532574370.865179000	6.05549	100	1
1532574370.877138000	6.06744	1412	1
1532574370.877213000	6.06752	1412	1
1532574370.877275000	6.06758	1412	1
1532574370.877317000	6.06762	156	1
1532574370.895572000	6.08588	83	0
1532574370.920182000	6.11049	83	0
1532574371.017769000	6.20808	443	0
1532574371.021409000	6.21171	79	0
1532574371.022160000	6.21247	106	1
1532574372.179724000	7.37003	1412	1
1532574372.179837000	7.37014	1291	1
1532574372.180550000	7.37086	1412	1
1532574372.180595000	7.3709	1412	1
1532574372.180651000	7.37096	1412	1
1532574372.180702000	7.37101	1412	1
1532574372.180753000	7.37106	1412	1
1532574372.180804000	7.37111	1412	1
1532574372.180849000	7.37116	1412	1
1532574372.180894000	7.3712	1412	1
1532574372.180933000	7.37124	1412	1
1532574372.180983000	7.37129	1412	1
1532574372.182830000	7.37314	1412	1
1532574372.182919000	7.37322	1412	1
1532574372.184866000	7.37517	489	1
1532574372.194808000	7.38511	101	1
1532574372.199183000	7.38949	83	0
1532574372.199235000	7.38954	83	0
1532574372.199669000	7.38997	83	0
1532574372.200114000	7.39042	83	0
1532574372.200518000	7.39082	83	0
1532574372.203324000	7.39363	363	1
1532574372.204041000	7.39435	83	0
1532574372.211297000	7.4016	94	0
1532574372.215818000	7.40612	100	1
1532574372.220134000	7.41044	83	0
1532574372.320821000	7.51113	398	0
1532574372.324132000	7.51444	79	0
1532574372.325873000	7.51618	103	1
1532574372.639891000	7.8302	740	0
1532574372.640209000	7.83051	1412	0
1532574372.640287000	7.83059	1412	0
1532574372.640522000	7.83083	1412	0
1532574372.640534000	7.83084	176	0
1532574372.640833000	7.83114	1412	0
1532574372.641154000	7.83146	1412	0
1532574372.641190000	7.8315	290	0
1532574372.643736000	7.83404	1412	0
1532574372.643839000	7.83414	1412	0
1532574372.644041000	7.83435	124	1
1532574372.644076000	7.83438	1412	0
1532574372.644087000	7.83439	184	0
1532574372.644096000	7.8344	1100	0
1532574372.645921000	7.83623	1412	0
1532574372.646223000	7.83653	1412	0
1532574372.647235000	7.83754	1412	0
1532574372.647256000	7.83756	186	0
1532574372.647586000	7.83789	1412	0
1532574372.647688000	7.83799	607	0
1532574372.648833000	7.83914	121	1
1532574372.670575000	7.86088	1412	0
1532574372.670853000	7.86116	1412	0
1532574372.671173000	7.86148	1412	0
1532574372.671186000	7.86149	190	0
1532574372.671397000	7.8617	944	0
1532574372.672153000	7.86246	1412	0
1532574372.672473000	7.86278	1412	0
1532574372.672685000	7.86299	1047	0
1532574372.673287000	7.86359	857	0
1532574372.673641000	7.86395	1412	0
1532574372.673783000	7.86409	124	1
1532574372.674007000	7.86431	1412	0
1532574372.674022000	7.86433	234	0
1532574372.677808000	7.86811	1412	0
1532574372.678099000	7.8684	1412	0
1532574372.679274000	7.86958	1412	0
1532574372.679563000	7.86987	1412	0
1532574372.679641000	7.86995	483	0
1532574372.679701000	7.87001	100	1
1532574372.679995000	7.8703	1412	0
1532574372.680316000	7.87062	1412	0
1532574372.680617000	7.87092	1412	0
1532574372.681624000	7.87193	1362	0
1532574372.682633000	7.87294	1412	0
1532574372.682941000	7.87325	1412	0
1532574372.683675000	7.87398	1412	0
1532574372.683999000	7.87431	1412	0
1532574372.684303000	7.87461	1412	0
1532574372.685404000	7.87571	1412	0
1532574372.685727000	7.87603	1412	0
1532574372.685850000	7.87616	749	0
1532574372.686603000	7.87691	1412	0
1532574372.686922000	7.87723	1412	0
1532574372.688432000	7.87874	1412	0
1532574372.688449000	7.87875	121	0
1532574372.692407000	7.88271	124	1
1532574372.692631000	7.88294	124	1
1532574374.296323000	9.48663	502	1
1532574374.316639000	9.50694	83	0
1532574374.354991000	9.5453	1412	0
1532574374.355282000	9.54559	1412	0
1532574374.355371000	9.54568	1412	0
1532574374.355492000	9.5458	1095	0
1532574374.355565000	9.54587	343	0
1532574374.359941000	9.55025	115	1
1532574375.950849000	11.1412	1412	1
1532574375.950919000	11.1412	1412	1
1532574375.950976000	11.1413	1412	1
1532574375.951019000	11.1413	693	1
1532574375.972030000	11.1623	83	0
1532574376.074612000	11.2649	442	0
1532574376.079062000	11.2694	100	1
1532574376.084494000	11.2748	79	0
1532574376.089063000	11.2794	97	1
1532574376.158991000	11.3493	466	1
1532574376.164808000	11.3551	308	1
1532574376.165795000	11.3561	310	1
1532574376.180140000	11.3704	83	0
1532574376.185663000	11.376	83	0
1532574376.257187000	11.4475	305	1
1532574376.277734000	11.468	83	0
1532574376.295665000	11.486	327	0
1532574376.295724000	11.486	102	0
1532574376.300033000	11.4903	210	0
1532574376.301124000	11.4914	103	1
1532574376.306043000	11.4963	97	1
1532574376.328895000	11.5192	308	0
1532574376.328952000	11.5193	117	0
1532574376.334078000	11.5244	100	1
1532574376.334816000	11.5251	91	0
1532574376.335319000	11.5256	264	0
1532574376.339054000	11.5294	100	1
1532574376.443552000	11.6339	634	0
1532574376.443757000	11.6341	955	0
1532574376.444238000	11.6345	91	0
1532574376.444690000	11.635	158	0
1532574376.448065000	11.6384	106	1
1532574376.490764000	11.6811	235	0
1532574376.490872000	11.6812	292	0
1532574376.496149000	11.6865	100	1
1532574376.496219000	11.6865	91	0
1532574376.496703000	11.687	244	0
1532574376.501178000	11.6915	100	1
1532574378.530846000	13.7212	385	1
1532574378.531777000	13.7221	533	1
1532574378.551851000	13.7422	83	0
1532574378.706062000	13.8964	465	1
1532574378.727342000	13.9176	83	0
1532574378.810052000	14.0004	387	1
1532574378.831474000	14.0218	83	0
1532574378.845402000	14.0357	1412	1
1532574378.845483000	14.0358	1412	1
1532574378.845545000	14.0359	1412	1
1532574378.845593000	14.0359	1412	1
1532574378.845641000	14.0359	1412	1
1532574378.845702000	14.036	1412	1
1532574378.845736000	14.036	1412	1
1532574378.845782000	14.0361	1412	1
1532574378.845849000	14.0362	1412	1
1532574378.845882000	14.0362	1412	1
1532574378.845927000	14.0362	1412	1
1532574378.845967000	14.0363	1412	1
1532574378.846161000	14.0365	1412	1
1532574378.846209000	14.0365	1412	1
1532574378.846248000	14.0366	1412	1
1532574378.848193000	14.0385	1412	1
1532574378.848249000	14.0386	1412	1
1532574378.848307000	14.0386	1412	1
1532574378.848353000	14.0387	1412	1
1532574378.850201000	14.0405	1412	1
1532574378.850277000	14.0406	1412	1
1532574378.850341000	14.0406	1412	1
1532574378.850375000	14.0407	1412	1
1532574378.850422000	14.0407	1412	1
1532574378.852172000	14.0425	1412	1
1532574378.852236000	14.0425	1412	1
1532574378.852295000	14.0426	1412	1
1532574378.852329000	14.0426	1412	1
1532574378.854423000	14.0447	1412	1
1532574378.854476000	14.0448	1412	1
1532574378.854517000	14.0448	1412	1
1532574378.854568000	14.0449	1412	1
1532574378.854619000	14.0449	1412	1
1532574378.856161000	14.0465	1412	1
1532574378.856210000	14.0465	1412	1
1532574378.864891000	14.0552	293	0
1532574378.865174000	14.0555	102	0
1532574378.865783000	14.0561	1412	1
1532574378.865881000	14.0562	1412	1
1532574378.865948000	14.0563	124	1
1532574378.866446000	14.0568	83	0
1532574378.868862000	14.0592	97	0
1532574378.869199000	14.0595	169	0
1532574378.870505000	14.0608	106	1
1532574378.874751000	14.0651	83	0
1532574378.880676000	14.071	83	0
1532574378.887321000	14.0776	83	0
1532574378.953730000	14.144	235	0
1532574378.954159000	14.1445	140	0
1532574378.959244000	14.1495	91	0
1532574378.959745000	14.1501	102	0
1532574378.961506000	14.1518	109	1
1532574378.966526000	14.1568	100	1
1532574379.020395000	14.2107	244	0
1532574379.020621000	14.2109	957	0
1532574379.024122000	14.2144	129	0
1532574379.025219000	14.2155	103	1
1532574379.124671000	14.315	231	0
1532574379.124780000	14.3151	150	0
1532574379.129212000	14.3195	100	1
1532574379.130228000	14.3205	91	0
1532574379.130707000	14.321	313	0
1532574379.135220000	14.3255	100	1
1532574379.222907000	14.4132	378	0
1532574379.228257000	14.4186	97	1
1532574379.231832000	14.4221	79	0
1532574379.236265000	14.4266	97	1
1532574379.440234000	14.6305	1141	1
1532574379.462572000	14.6529	83	0
1532574379.639972000	14.8303	1011	0
1532574379.648077000	14.8384	100	1
1532574379.668352000	14.8587	471	1
1532574379.689360000	14.8797	83	0
1532574379.969920000	15.1602	286	0
1532574379.970204000	15.1605	444	0
1532574379.973729000	15.164	103	1
1532574383.255530000	18.4458	1124	1
1532574383.276692000	18.467	83	0
1532574383.773377000	18.9637	345	0
1532574383.773427000	18.9637	147	0
1532574383.778172000	18.9685	103	1
1532574383.779303000	18.9696	91	0
1532574383.780200000	18.9705	142	0
1532574383.784160000	18.9745	100	1
1532574384.030136000	19.2204	1302	1
1532574384.051242000	19.2415	83	0
1532574384.199074000	19.3894	305	0
1532574384.199124000	19.3894	147	0
1532574384.203462000	19.3938	91	0
1532574384.204260000	19.3946	106	1
1532574384.242425000	19.4327	135	0
1532574384.247198000	19.4375	97	1
1532574384.921377000	20.1117	614	1
1532574384.944818000	20.1351	83	0
1532574385.062454000	20.2528	255	0
1532574385.062669000	20.253	147	0
1532574385.067305000	20.2576	103	1
1532574385.091963000	20.2823	91	0
1532574385.092471000	20.2828	330	0
1532574385.096234000	20.2865	100	1
1532574385.316640000	20.5069	594	1
1532574385.339565000	20.5299	83	0
1532574385.624928000	20.8152	255	0
1532574385.624972000	20.8153	147	0
1532574385.629244000	20.8196	91	0
1532574385.630321000	20.8206	108	1
1532574385.653193000	20.8435	288	0
1532574385.658286000	20.8486	99	1
1532574386.028472000	21.2188	545	1
1532574386.049052000	21.2394	83	0
1532574386.204162000	21.3945	266	0
1532574386.204945000	21.3953	147	0
1532574386.209294000	21.3996	91	0
1532574386.209404000	21.3997	105	1
1532574386.214349000	21.4047	99	1
1532574386.232088000	21.4224	113	0
1532574386.236318000	21.4266	99	1
1532574386.832044000	22.0223	598	1
1532574386.853630000	22.0439	83	0
1532574386.984313000	22.1746	256	0
1532574386.984373000	22.1747	147	0
1532574386.988697000	22.179	91	0
1532574386.988724000	22.179	288	0
1532574386.989348000	22.1797	111	1
1532574387.555799000	22.7461	592	1
1532574387.576777000	22.7671	83	0
1532574387.714678000	22.905	258	0
1532574387.714721000	22.905	147	0
1532574387.718748000	22.9091	91	0
1532574387.719177000	22.9095	94	0
1532574387.719413000	22.9097	111	1
1532574388.537408000	23.7277	587	1
1532574388.557738000	23.748	83	0
1532574388.705429000	23.8957	259	0
1532574388.705476000	23.8958	147	0
1532574388.710510000	23.9008	105	1
1532574388.713147000	23.9035	91	0
1532574388.717494000	23.9078	99	1
1532574388.734700000	23.925	131	0
1532574388.739460000	23.9298	99	1
1532574389.200729000	24.391	596	1
1532574389.221286000	24.4116	83	0
1532574389.520958000	24.7113	256	0
1532574389.521009000	24.7113	147	0
1532574389.525571000	24.7159	105	1
1532574389.525685000	24.716	91	0
1532574389.526184000	24.7165	131	0
1532574389.530516000	24.7208	102	1
1532574391.203885000	26.3942	612	1
1532574391.226018000	26.4163	83	0
1532574391.528015000	26.7183	258	0
1532574391.528065000	26.7184	147	0
1532574391.532457000	26.7228	91	0
1532574391.532537000	26.7228	178	0
1532574391.532969000	26.7233	111	1
1532574391.635175000	26.8255	595	1
1532574391.655817000	26.8461	83	0
1532574391.770573000	26.9609	234	0
1532574391.770619000	26.9609	147	0
1532574391.775756000	26.9661	91	0
1532574391.775794000	26.9661	161	0
1532574391.775885000	26.9662	105	1
1532574391.780806000	26.9711	102	1
1532574392.324442000	27.5147	1057	1
1532574392.345822000	27.5361	83	0
1532574392.667998000	27.8583	303	0
1532574392.668059000	27.8584	147	0
1532574392.672937000	27.8632	105	1
1532574392.673976000	27.8643	91	0
1532574392.674536000	27.8648	223	0
1532574392.678874000	27.8692	102	1
1532574392.989507000	28.1798	1295	1
1532574393.011298000	28.2016	83	0
1532574393.317379000	28.5077	238	0
1532574393.317427000	28.5077	147	0
1532574393.321959000	28.5123	105	1
1532574393.322527000	28.5128	91	0
1532574393.322554000	28.5129	104	0
1532574393.326907000	28.5172	102	1
1532574394.079172000	29.2695	624	1
1532574394.099728000	29.29	83	0
1532574394.400899000	29.5912	302	0
1532574394.400953000	29.5913	147	0
1532574394.405969000	29.5963	105	1
1532574394.406738000	29.597	91	0
1532574394.406827000	29.5971	136	0
1532574394.411060000	29.6014	102	1
1532574394.791227000	29.9815	592	1
1532574394.813587000	30.0039	83	0
1532574394.930311000	30.1206	348	0
1532574394.931067000	30.1214	147	0
1532574394.935029000	30.1253	105	1
1532574394.935925000	30.1262	91	0
1532574394.935951000	30.1263	247	0
1532574394.941003000	30.1313	102	1
1532574395.082017000	30.2723	1412	1
1532574395.082091000	30.2724	1412	1
1532574395.082153000	30.2725	1412	1
1532574395.082199000	30.2725	1412	1
1532574395.082243000	30.2725	467	1
1532574395.104564000	30.2949	83	0
1532574395.212308000	30.4026	461	0
1532574395.217025000	30.4073	102	1
1532574395.220540000	30.4108	79	0
1532574395.225016000	30.4153	99	1
1532574395.515593000	30.7059	638	1
1532574395.537528000	30.7278	83	0
1532574395.844792000	31.0351	257	0
1532574395.845096000	31.0354	147	0
1532574395.847284000	31.0376	91	0
1532574395.847720000	31.038	151	0
1532574395.850080000	31.0404	111	1
1532574396.137774000	31.3281	592	1
1532574396.158417000	31.3487	83	0
1532574396.582718000	31.773	291	0
1532574396.582777000	31.7731	147	0
1532574396.588107000	31.7784	105	1
1532574396.588598000	31.7789	91	0
1532574396.588625000	31.7789	169	0
1532574396.593109000	31.7834	102	1
1532574397.050105000	32.2404	616	1
1532574397.070622000	32.2609	83	0
1532574397.222277000	32.4126	234	0
1532574397.222329000	32.4126	147	0
1532574397.227040000	32.4173	91	0
1532574397.227141000	32.4174	105	1
1532574397.227648000	32.418	228	0
1532574397.232097000	32.4224	102	1
1532574397.312675000	32.503	589	1
1532574397.333368000	32.5237	83	0
1532574397.452025000	32.6423	258	0
1532574397.452053000	32.6424	147	0
1532574397.457210000	32.6475	105	1
1532574397.458928000	32.6492	91	0
1532574397.459394000	32.6497	219	0
1532574397.464150000	32.6545	102	1
1532574398.124534000	33.3148	620	1
1532574398.145500000	33.3358	83	0
1532574398.265829000	33.4561	232	0
1532574398.266219000	33.4565	147	0
1532574398.270240000	33.4605	105	1
1532574398.277206000	33.4675	91	0
1532574398.277295000	33.4676	191	0
1532574398.282189000	33.4725	102	1
1532574398.690227000	33.8805	1412	1
1532574398.690329000	33.8806	1412	1
1532574398.690377000	33.8807	1412	1
1532574398.690416000	33.8807	1412	1
1532574398.690457000	33.8808	407	1
1532574398.712373000	33.9027	83	0
1532574398.997245000	34.1876	399	0
1532574399.002683000	34.193	102	1
1532574399.005278000	34.1956	79	0
1532574399.018293000	34.2086	99	1
1532574399.962699000	35.153	1054	1
1532574399.983464000	35.1738	83	0
1532574400.098776000	35.2891	259	0
1532574400.098840000	35.2891	147	0
1532574400.103940000	35.2942	105	1
1532574400.104334000	35.2946	91	0
1532574400.104818000	35.2951	190	0
1532574400.108891000	35.2992	102	1
1532574400.240932000	35.4312	1295	1
1532574400.261475000	35.4518	83	0
1532574400.385813000	35.5761	278	0
1532574400.385873000	35.5762	147	0
1532574400.390301000	35.5806	91	0
1532574400.390392000	35.5807	129	0
1532574400.390878000	35.5812	111	1
1532574400.915017000	36.1053	619	1
1532574400.935323000	36.1256	83	0
1532574401.052721000	36.243	262	0
1532574401.052772000	36.2431	147	0
1532574401.057932000	36.2482	105	1
1532574401.058106000	36.2484	91	0
1532574401.058186000	36.2485	159	0
1532574401.062932000	36.2532	102	1
1532574401.303773000	36.4941	599	1
1532574401.324495000	36.5148	84	0
1532574401.679536000	36.8698	306	0
1532574401.679564000	36.8699	147	0
1532574401.683929000	36.8742	105	1
1532574401.684152000	36.8745	91	0
1532574401.684616000	36.8749	185	0
1532574401.688945000	36.8793	102	1
1532574402.375239000	37.5655	609	1
1532574402.395851000	37.5862	84	0
1532574402.517014000	37.7073	347	0
1532574402.517449000	37.7078	147	0
1532574402.522023000	37.7123	105	1
1532574402.523486000	37.7138	91	0
1532574402.523510000	37.7138	226	0
1532574402.528021000	37.7183	102	1
1532574403.442453000	38.6328	591	1
1532574403.463680000	38.654	84	0
1532574403.585634000	38.7759	327	0
1532574403.585696000	38.776	147	0
1532574403.590082000	38.7804	105	1
1532574403.591982000	38.7823	91	0
1532574403.592739000	38.783	249	0
1532574403.597086000	38.7874	102	1
1532574403.769204000	38.9595	590	1
1532574403.789771000	38.9801	84	0
1532574403.914369000	39.1047	234	0
1532574403.914398000	39.1047	147	0
1532574403.919103000	39.1094	105	1
1532574403.924360000	39.1147	91	0
1532574403.924717000	39.115	268	0
1532574403.929106000	39.1194	102	1
1532574404.543100000	39.7334	656	1
1532574404.564360000	39.7547	84	0
1532574404.686354000	39.8767	259	0
1532574404.686382000	39.8767	147	0
1532574404.690565000	39.8809	91	0
1532574404.690645000	39.881	304	0
1532574404.691109000	39.8814	111	1
1532574405.169850000	40.3602	589	1
1532574405.191729000	40.382	84	0
1532574405.502519000	40.6928	287	0
1532574405.502568000	40.6929	147	0
1532574405.507212000	40.6975	105	1
1532574405.508069000	40.6984	91	0
1532574405.508144000	40.6984	322	0
1532574405.513189000	40.7035	102	1
1532574406.027327000	41.2176	639	1
1532574406.047621000	41.2379	84	0
1532574406.164931000	41.3552	235	0
1532574406.165264000	41.3556	147	0
1532574406.170270000	41.3606	105	1
1532574406.170781000	41.3611	91	0
1532574406.171427000	41.3617	253	0
1532574406.175257000	41.3656	102	1
1532574406.912442000	42.1027	587	1
1532574406.933493000	42.1238	84	0
1532574407.045954000	42.2363	259	0
1532574407.045984000	42.2363	147	0
1532574407.051158000	42.2415	91	0
1532574407.051187000	42.2415	194	0
1532574407.051294000	42.2416	105	1
1532574407.056271000	42.2466	102	1
1532574407.721530000	42.9118	1056	1
1532574407.744471000	42.9348	84	0
1532574407.874372000	43.0647	258	0
1532574407.875458000	43.0658	147	0
1532574407.877189000	43.0675	91	0
1532574407.877609000	43.0679	124	0
1532574407.879319000	43.0696	111	1
1532574408.278662000	43.469	1307	1
1532574408.300142000	43.4904	84	0
1532574408.596618000	43.7869	259	0
1532574408.596854000	43.7872	147	0
1532574408.601358000	43.7917	105	1
1532574408.601654000	43.792	91	0
1532574408.602321000	43.7926	139	0
1532574408.606336000	43.7966	102	1
1532574409.101500000	44.2918	630	1
1532574409.125798000	44.3161	84	0
1532574409.459827000	44.6501	258	0
1532574409.460039000	44.6503	147	0
1532574409.464474000	44.6548	105	1
1532574409.465930000	44.6562	91	0
1532574409.466374000	44.6567	222	0
1532574409.470414000	44.6607	102	1
1532574409.524212000	44.7145	1412	1
1532574409.524289000	44.7146	1412	1
1532574409.524362000	44.7147	1412	1
1532574409.524406000	44.7147	951	1
1532574409.542787000	44.7331	97	0
1532574409.547493000	44.7378	99	1
1532574409.684017000	44.8743	435	0
1532574409.688471000	44.8788	99	1
1532574409.693039000	44.8833	79	0
1532574409.697409000	44.8877	99	1
1532574409.762801000	44.9531	578	1
1532574409.783921000	44.9742	84	0
1532574409.899718000	45.09	238	0
1532574409.899984000	45.0903	147	0
1532574409.903830000	45.0941	91	0
1532574409.904301000	45.0946	182	0
1532574409.904469000	45.0948	111	1
1532574410.380484000	45.5708	649	1
1532574410.401860000	45.5922	84	0
1532574410.736569000	45.9269	305	0
1532574410.736804000	45.9271	147	0
1532574410.741549000	45.9319	105	1
1532574410.741981000	45.9323	91	0
1532574410.742222000	45.9325	326	0
1532574410.746486000	45.9368	102	1
1532574411.169463000	46.3598	589	1
1532574411.190496000	46.3808	84	0
1532574411.309478000	46.4998	325	0
1532574411.309670000	46.5	147	0
1532574411.313346000	46.5037	91	0
1532574411.313796000	46.5041	314	0
1532574411.314481000	46.5048	111	1
1532574411.504473000	46.6948	591	1
1532574411.526722000	46.717	84	0
1532574411.642495000	46.8328	328	0
1532574411.643369000	46.8337	147	0
1532574411.646878000	46.8372	91	0
1532574411.647353000	46.8377	130	0
1532574411.647616000	46.8379	111	1
1532574411.835419000	47.0257	610	1
1532574411.856321000	47.0466	84	0
1532574412.160150000	47.3505	232	0
1532574412.160404000	47.3507	147	0
1532574412.163952000	47.3543	91	0
1532574412.164543000	47.3548	108	1
1532574412.164580000	47.3549	142	0
1532574412.169553000	47.3599	99	1
1532574412.564740000	47.755	602	1
1532574412.585543000	47.7758	84	0
1532574412.703570000	47.8939	256	0
1532574412.703786000	47.8941	147	0
1532574412.708101000	47.8984	91	0
1532574412.708653000	47.899	108	1
1532574412.708984000	47.8993	114	0
1532574412.713597000	47.9039	99	1
1532574413.401816000	48.5921	588	1
1532574413.422897000	48.6132	84	0
1532574413.542667000	48.733	290	0
1532574413.542902000	48.7332	147	0
1532574413.547701000	48.738	105	1
1532574413.547959000	48.7383	91	0
1532574413.548198000	48.7385	177	0
1532574413.552647000	48.743	102	1
1532574413.893395000	49.0837	1054	1
1532574413.914451000	49.1048	84	0
1532574414.240729000	49.431	232	0
1532574414.240993000	49.4313	147	0
1532574414.245749000	49.4361	105	1
1532574414.246520000	49.4368	91	0
1532574414.246941000	49.4372	196	0
1532574414.251685000	49.442	102	1
1532574414.841767000	50.0321	1324	1
1532574414.863781000	50.0541	84	0
1532574415.175469000	50.3658	258	0
1532574415.175710000	50.366	147	0
1532574415.180819000	50.3711	105	1
1532574415.181445000	50.3718	91	0
1532574415.181692000	50.372	278	0
1532574415.185728000	50.376	102	1
1532574415.783506000	50.9738	610	1
1532574415.804717000	50.995	84	0
1532574415.932777000	51.1231	257	0
1532574415.932982000	51.1233	147	0
1532574415.937344000	51.1277	91	0
1532574415.937566000	51.1279	173	0
1532574415.937766000	51.1281	111	1
1532574416.017679000	51.208	583	1
1532574416.038390000	51.2287	84	0
1532574416.162239000	51.3525	234	0
1532574416.162504000	51.3528	147	0
1532574416.165926000	51.3562	91	0
1532574416.166353000	51.3567	182	0
1532574416.166878000	51.3572	111	1
1532574416.809009000	51.9993	605	1
1532574416.830572000	52.0209	84	0
1532574416.998890000	52.1892	257	0
1532574416.999217000	52.1895	147	0
1532574417.003912000	52.1942	105	1
1532574417.004156000	52.1945	91	0
1532574417.004816000	52.1951	155	0
1532574417.008845000	52.1992	102	1
1532574417.784880000	52.9752	588	1
1532574417.805649000	52.996	84	0
1532574418.115895000	53.3062	255	0
1532574418.116163000	53.3065	147	0
1532574418.120874000	53.3112	105	1
1532574418.121520000	53.3118	91	0
1532574418.121929000	53.3122	307	0
1532574418.125881000	53.3162	102	1
1532574418.218704000	53.409	591	1
1532574418.239745000	53.4301	84	0
1532574418.372602000	53.5629	278	0
1532574418.372799000	53.5631	147	0
1532574418.377142000	53.5674	91	0
1532574418.377979000	53.5683	108	1
1532574418.401304000	53.5916	166	0
1532574418.405933000	53.5962	99	1
1532574418.523720000	53.714	588	1
1532574418.545371000	53.7357	84	0
1532574418.666215000	53.8565	262	0
1532574418.666409000	53.8567	147	0
1532574418.671014000	53.8613	105	1
1532574418.672325000	53.8626	91	0
1532574418.676982000	53.8673	99	1
1532574418.694477000	53.8848	104	0
1532574418.698965000	53.8893	99	1
1532574419.137593000	54.3279	592	1
1532574419.158547000	54.3489	84	0
1532574419.301045000	54.4914	278	0
1532574419.301297000	54.4916	147	0
1532574419.305973000	54.4963	105	1
1532574419.306846000	54.4972	91	0
1532574419.307137000	54.4974	313	0
1532574419.311956000	54.5023	102	1
1532574420.175911000	55.3662	625	1
1532574420.197528000	55.3878	84	0
1532574420.314177000	55.5045	348	0
1532574420.314771000	55.5051	147	0
1532574420.318174000	55.5085	91	0
1532574420.318640000	55.5089	212	0
1532574420.319152000	55.5095	111	1
1532574420.931158000	56.1215	583	1
1532574420.951943000	56.1422	84	0
1532574421.073873000	56.2642	327	0
1532574421.074105000	56.2644	147	0
1532574421.079064000	56.2694	105	1
1532574421.080005000	56.2703	91	0
1532574421.085080000	56.2754	99	1
1532574421.102865000	56.2932	126	0
1532574421.108098000	56.2984	99	1
1532574421.225945000	56.4163	1061	1
1532574421.248172000	56.4385	84	0
1532574421.363479000	56.5538	234	0
1532574421.363698000	56.554	147	0
1532574421.368112000	56.5584	105	1
1532574421.369430000	56.5597	91	0
1532574421.369987000	56.5603	283	0
1532574421.374097000	56.5644	102	1
1532574421.952302000	57.1426	1288	1
1532574421.974477000	57.1648	84	0
1532574422.094151000	57.2845	258	0
1532574422.094378000	57.2847	147	0
1532574422.097607000	57.2879	91	0
1532574422.097990000	57.2883	211	0
1532574422.099118000	57.2894	111	1
1532574423.587028000	58.7773	588	1
1532574423.608241000	58.7985	84	0
1532574423.758703000	58.949	287	0
1532574423.758950000	58.9493	147	0
1532574423.763396000	58.9537	91	0
1532574423.763636000	58.9539	108	1
1532574423.764291000	58.9546	322	0
1532574423.768616000	58.9589	99	1
1532574423.924776000	59.1151	614	1
1532574423.945627000	59.1359	84	0
1532574424.251644000	59.4419	234	0
1532574424.251897000	59.4422	147	0
1532574424.256703000	59.447	105	1
1532574424.256732000	59.447	91	0
1532574424.257390000	59.4477	230	0
1532574424.261637000	59.4519	102	1
1532574425.914103000	61.1044	1412	1
1532574425.914176000	61.1045	1412	1
1532574425.914238000	61.1045	1412	1
1532574425.914282000	61.1046	1234	1
1532574425.936901000	61.1272	84	0
1532574426.148380000	61.3387	519	1
1532574426.170564000	61.3609	84	0
1532574426.221765000	61.4121	413	0
1532574426.226140000	61.4164	105	1
1532574426.231010000	61.4213	79	0
1532574426.236152000	61.4265	99	1
1532574426.287948000	61.4783	238	0
1532574426.288170000	61.4785	147	0
1532574426.292963000	61.4833	91	0
1532574426.293212000	61.4835	105	1
1532574426.293238000	61.4835	154	0
1532574426.298116000	61.4884	99	1
1532574426.367792000	61.5581	581	1
1532574426.389134000	61.5794	84	0
1532574426.504161000	61.6945	257	0
1532574426.504375000	61.6947	147	0
1532574426.509165000	61.6995	105	1
1532574426.509395000	61.6997	91	0
1532574426.509641000	61.6999	206	0
1532574426.514131000	61.7044	102	1
1532574426.665273000	61.8556	584	1
1532574426.687921000	61.8782	84	0
1532574426.814640000	62.0049	234	0
1532574426.814872000	62.0052	147	0
1532574426.819218000	62.0095	105	1
1532574426.821051000	62.0114	91	0
1532574426.821529000	62.0118	277	0
1532574426.826184000	62.0165	102	1
1532574427.079499000	62.2698	588	1
1532574427.100943000	62.2912	84	0
1532574427.233827000	62.4241	279	0
1532574427.234045000	62.4244	147	0
1532574427.239244000	62.4295	105	1
1532574427.241073000	62.4314	91	0
1532574427.241408000	62.4317	282	0
1532574427.246185000	62.4365	102	1
1532574428.404263000	63.5946	582	1
1532574428.426294000	63.6166	84	0
1532574428.570638000	63.7609	258	0
1532574428.570841000	63.7611	147	0
1532574428.575906000	63.7662	105	1
1532574428.577746000	63.7681	91	0
1532574428.578041000	63.7683	200	0
1532574428.582839000	63.7731	102	1
1532574428.636060000	63.8264	581	1
1532574428.657137000	63.8474	84	0
1532574428.792761000	63.9831	281	0
1532574428.792990000	63.9833	147	0
1532574428.797920000	63.9882	105	1
1532574428.799744000	63.99	91	0
1532574428.804893000	63.9952	99	1
1532574428.821763000	64.0121	227	0
1532574428.826871000	64.0172	99	1
1532574429.003035000	64.1933	652	1
1532574429.024251000	64.2146	84	0
1532574429.168160000	64.3585	325	0
1532574429.168378000	64.3587	147	0
1532574429.172896000	64.3632	105	1
1532574429.174455000	64.3648	91	0
1532574429.174762000	64.3651	232	0
1532574429.178845000	64.3692	102	1
1532574429.694163000	64.8845	598	1
1532574429.717291000	64.9076	84	0
1532574429.840251000	65.0306	325	0
1532574429.840454000	65.0308	147	0
1532574429.844154000	65.0345	91	0
1532574429.844381000	65.0347	197	0
1532574429.844907000	65.0352	111	1
1532574429.956608000	65.1469	1050	1
1532574429.978698000	65.169	84	0
1532574430.104751000	65.2951	235	0
1532574430.104966000	65.2953	147	0
1532574430.109959000	65.3003	105	1
1532574430.110216000	65.3005	91	0
1532574430.110528000	65.3008	265	0
1532574430.114941000	65.3052	102	1
1532574430.339582000	65.5299	1300	1
1532574430.362184000	65.5525	84	0
1532574430.483029000	65.6733	259	0
1532574430.483303000	65.6736	147	0
1532574430.488014000	65.6783	105	1
1532574430.489805000	65.6801	91	0
1532574430.490169000	65.6805	140	0
1532574430.494964000	65.6853	102	1
1532574430.681777000	65.8721	614	1
1532574430.703981000	65.8943	84	0
1532574430.827012000	66.0173	263	0
1532574430.827243000	66.0175	147	0
1532574430.832040000	66.0223	105	1
1532574430.832858000	66.0232	91	0
1532574430.833194000	66.0235	97	0
1532574430.837974000	66.0283	102	1
1532574431.504671000	66.695	607	1
1532574431.526065000	66.7164	84	0
1532574431.823625000	67.0139	257	0
1532574431.823834000	67.0141	147	0
1532574431.828995000	67.0193	91	0
1532574431.829070000	67.0194	105	1
1532574431.829707000	67.02	327	0
1532574431.834036000	67.0243	102	1
1532574432.224848000	67.4152	586	1
1532574432.245504000	67.4358	84	0
1532574432.566436000	67.7567	257	0
1532574432.566650000	67.757	147	0
1532574432.570989000	67.7613	91	0
1532574432.571101000	67.7614	105	1
1532574432.571436000	67.7617	136	0
1532574432.576077000	67.7664	102	1
1532574432.672352000	67.8627	605	1
1532574432.693190000	67.8835	84	0
1532574432.813447000	68.0038	234	0
1532574432.813659000	68.004	147	0
1532574432.818081000	68.0084	105	1
1532574432.818494000	68.0088	91	0
1532574432.818729000	68.009	144	0
1532574432.823088000	68.0134	102	1
1532574433.539058000	68.7294	594	1
1532574433.560458000	68.7508	84	0
1532574433.680908000	68.8712	257	0
1532574433.681119000	68.8714	147	0
1532574433.686193000	68.8765	105	1
1532574433.687352000	68.8777	91	0
1532574433.687644000	68.8779	335	0
1532574433.692214000	68.8825	102	1
1532574435.477564000	70.6679	1412	1
1532574435.477639000	70.6679	1412	1
1532574435.477701000	70.668	1412	1
1532574435.477744000	70.6681	653	1
1532574435.499968000	70.6903	84	0
1532574435.607018000	70.7973	412	0
1532574435.612027000	70.8023	102	1
1532574435.615537000	70.8058	79	0
1532574435.620011000	70.8103	99	1
1532574435.716896000	70.9072	591	1
1532574435.739352000	70.9297	84	0
1532574435.852397000	71.0427	279	0
1532574435.852604000	71.0429	147	0
1532574435.857034000	71.0473	105	1
1532574435.857739000	71.048	91	0
1532574435.857968000	71.0483	119	0
1532574435.862019000	71.0523	102	1
1532574436.173483000	71.3638	608	1
1532574436.194486000	71.3848	84	0
1532574436.331448000	71.5218	239	0
1532574436.331732000	71.522	147	0
1532574436.336078000	71.5264	105	1
1532574436.336756000	71.5271	91	0
1532574436.337260000	71.5276	273	0
1532574436.341107000	71.5314	102	1
1532574437.069315000	72.2596	581	1
1532574437.090739000	72.281	84	0
1532574437.220033000	72.4103	304	0
1532574437.220589000	72.4109	147	0
1532574437.225123000	72.4154	105	1
1532574437.225476000	72.4158	91	0
1532574437.225720000	72.416	200	0
1532574437.230089000	72.4204	102	1
1532574437.730626000	72.9209	1052	1
1532574437.752875000	72.9432	84	0
1532574437.880173000	73.0705	348	0
1532574437.880414000	73.0707	147	0
1532574437.885230000	73.0755	105	1
1532574437.885554000	73.0759	91	0
1532574437.886459000	73.0768	159	0
1532574437.890179000	73.0805	102	1
1532574438.015041000	73.2053	1295	1
1532574438.036192000	73.2265	84	0
1532574438.191545000	73.3819	304	0
1532574438.193184000	73.3835	157	0
1532574438.196148000	73.3865	105	1
1532574438.198568000	73.3889	334	0
1532574438.203171000	73.3935	99	1
1532574438.483137000	73.6734	1412	1
1532574438.483225000	73.6735	1412	1
1532574438.483260000	73.6736	1412	1
1532574438.483321000	73.6736	1412	1
1532574438.483360000	73.6737	1412	1
1532574438.483406000	73.6737	1412	1
1532574438.483455000	73.6738	1412	1
1532574438.483494000	73.6738	1412	1
1532574438.483538000	73.6738	1412	1
1532574438.483588000	73.6739	1412	1
1532574438.483644000	73.6739	1412	1
1532574438.483696000	73.674	1412	1
1532574438.483735000	73.674	1412	1
1532574438.483780000	73.6741	1412	1
1532574438.483825000	73.6741	1412	1
1532574438.483864000	73.6742	1412	1
1532574438.485148000	73.6755	1412	1
1532574438.485219000	73.6755	165	1
1532574438.503231000	73.6935	84	0
1532574438.507915000	73.6982	84	0
1532574438.649652000	73.84	394	0
1532574438.654249000	73.8446	105	1
1532574438.659148000	73.8495	79	0
1532574438.664248000	73.8546	99	1
1532574438.934317000	74.1246	589	1
1532574438.955620000	74.1459	84	0
1532574439.081652000	74.272	264	0
1532574439.081904000	74.2722	147	0
1532574439.086291000	74.2766	105	1
1532574439.087524000	74.2778	91	0
1532574439.087958000	74.2783	139	0
1532574439.092223000	74.2825	102	1
1532574439.601443000	74.7917	598	1
1532574439.622604000	74.8129	84	0
1532574439.930839000	75.1211	255	0
1532574439.931073000	75.1214	147	0
1532574439.935358000	75.1257	105	1
1532574439.935395000	75.1257	91	0
1532574439.935735000	75.126	325	0
1532574439.940259000	75.1306	102	1
1532574440.321165000	75.5115	585	1
1532574440.342073000	75.5324	84	0
1532574440.496747000	75.6871	255	0
1532574440.496974000	75.6873	147	0
1532574440.501359000	75.6917	105	1
1532574440.502153000	75.6925	91	0
1532574440.507335000	75.6976	99	1
1532574440.525197000	75.7155	219	0
1532574440.530353000	75.7207	99	1
1532574440.810282000	76.0006	588	1
1532574440.831461000	76.0218	84	0
1532574440.994041000	76.1843	232	0
1532574440.994290000	76.1846	147	0
1532574440.999343000	76.1896	91	0
1532574440.999401000	76.1897	105	1
1532574440.999784000	76.1901	274	0
1532574441.004329000	76.1946	102	1
1532574441.379493000	76.5698	595	1
1532574441.401090000	76.5914	84	0
1532574441.518580000	76.7089	255	0
1532574441.518952000	76.7093	147	0
1532574441.522377000	76.7127	91	0
1532574441.522768000	76.7131	150	0
1532574441.523328000	76.7136	111	1
1532574441.783556000	76.9739	595	1
1532574441.804565000	76.9949	84	0
1532574441.966573000	77.1569	232	0
1532574441.966784000	77.1571	147	0
1532574441.971383000	77.1617	91	0
1532574441.971479000	77.1618	105	1
1532574441.976422000	77.1667	99	1
1532574441.994976000	77.1853	100	0
1532574441.999394000	77.1897	99	1
1532574442.598092000	77.7884	578	1
1532574442.619462000	77.8098	84	0
1532574442.733394000	77.9237	254	0
1532574442.733680000	77.924	147	0
1532574442.737414000	77.9277	91	0
1532574442.738315000	77.9286	291	0
1532574442.738556000	77.9289	111	1
1532574443.134008000	78.3243	607	1
1532574443.155833000	78.3461	84	0
1532574443.329224000	78.5195	279	0
1532574443.329429000	78.5197	147	0
1532574443.334428000	78.5247	91	0
1532574443.334531000	78.5248	105	1
1532574443.339464000	78.5298	99	1
1532574443.359673000	78.55	133	0
1532574443.364459000	78.5548	99	1
1532574443.509444000	78.6997	588	1
1532574443.531472000	78.7218	84	0
1532574443.833214000	79.0235	261	0
1532574443.837866000	79.0282	147	0
1532574443.838546000	79.0289	105	1
1532574443.840508000	79.0308	91	0
1532574443.841027000	79.0313	159	0
1532574443.845497000	79.0358	102	1
1532574444.179060000	79.3694	1056	1
1532574444.200000000	79.3903	84	0
1532574444.504288000	79.6946	302	0
1532574444.504549000	79.6949	147	0
1532574444.509523000	79.6998	91	0
1532574444.509533000	79.6998	105	1
1532574444.509985000	79.7003	275	0
1532574444.514556000	79.7049	102	1
1532574445.224254000	80.4146	1319	1
1532574445.246584000	80.4369	84	0
1532574445.356550000	80.5469	323	0
1532574445.356782000	80.5471	147	0
1532574445.360810000	80.5511	91	0
1532574445.361031000	80.5513	333	0
1532574445.361548000	80.5519	111	1
1532574445.658337000	80.8486	616	1
1532574445.679937000	80.8702	84	0
1532574445.792048000	80.9824	327	0
1532574445.792325000	80.9826	148	0
1532574445.796662000	80.987	105	1
1532574445.797353000	80.9877	92	0
1532574445.797581000	80.9879	189	0
1532574445.801611000	80.9919	102	1
1532574446.092064000	81.2824	600	1
1532574446.114113000	81.3044	84	0
1532574446.226794000	81.4171	234	0
1532574446.227015000	81.4173	148	0
1532574446.230989000	81.4213	92	0
1532574446.231426000	81.4217	243	0
1532574446.231722000	81.422	111	1
1532574446.419941000	81.6102	583	1
1532574446.440865000	81.6312	84	0
1532574446.553313000	81.7436	258	0
1532574446.553584000	81.7439	148	0
1532574446.558624000	81.7489	105	1
1532574446.559134000	81.7494	92	0
1532574446.559492000	81.7498	206	0
1532574446.563633000	81.7539	102	1
1532574446.927039000	82.1173	590	1
1532574446.948953000	82.1393	84	0
1532574447.067403000	82.2577	266	0
1532574447.067683000	82.258	148	0
1532574447.071647000	82.262	92	0
1532574447.071877000	82.2622	96	0
1532574447.072689000	82.263	111	1
1532574447.394651000	82.585	581	1
1532574447.416421000	82.6067	84	0
1532574447.589994000	82.7803	258	0
1532574447.590227000	82.7805	148	0
1532574447.594754000	82.7851	105	1
1532574447.596823000	82.7871	92	0
1532574447.597243000	82.7875	228	0
1532574447.601718000	82.792	102	1
1532574447.847837000	83.0381	640	1
1532574447.868556000	83.0589	84	0
1532574447.988586000	83.1789	232	0
1532574447.988784000	83.1791	148	0
1532574447.993749000	83.1841	92	0
1532574447.993809000	83.1841	105	1
1532574447.994058000	83.1844	255	0
1532574447.998735000	83.189	102	1
1532574448.103599000	83.2939	579	1
1532574448.129759000	83.3201	84	0
1532574448.251222000	83.4415	234	0
1532574448.251433000	83.4417	148	0
1532574448.255811000	83.4461	105	1
1532574448.256671000	83.447	92	0
1532574448.256902000	83.4472	290	0
1532574448.261751000	83.4521	102	1
1532574449.226818000	84.4171	611	1
1532574449.248891000	84.4392	84	0
1532574449.398047000	84.5884	256	0
1532574449.398289000	84.5886	148	0
1532574449.402954000	84.5933	92	0
1532574449.403216000	84.5935	90	0
1532574449.403427000	84.5937	111	1
1532574449.629726000	84.82	588	1
1532574449.651438000	84.8417	84	0
1532574449.793954000	84.9843	260	0
1532574449.794161000	84.9845	148	0
1532574449.798482000	84.9888	105	1
1532574449.799281000	84.9896	92	0
1532574449.799514000	84.9898	280	0
1532574449.804438000	84.9947	102	1
1532574450.038233000	85.2285	1052	1
1532574450.059571000	85.2499	84	0
1532574450.186324000	85.3766	235	0
1532574450.186532000	85.3768	148	0
1532574450.191245000	85.3816	92	0
1532574450.191510000	85.3818	108	1
1532574450.191519000	85.3818	247	0
1532574450.196449000	85.3868	99	1
1532574450.352747000	85.5431	1287	1
1532574450.374390000	85.5647	84	0
1532574450.495076000	85.6854	300	0
1532574450.495335000	85.6856	148	0
1532574450.499522000	85.6898	105	1
1532574450.500760000	85.6911	92	0
1532574450.505504000	85.6958	99	1
1532574450.523837000	85.7141	181	0
1532574450.528473000	85.7188	99	1
1532574451.250144000	86.4404	607	1
1532574451.272382000	86.4627	84	0
1532574451.408073000	86.5984	238	0
1532574451.408689000	86.599	148	0
1532574451.412493000	86.6028	105	1
1532574451.413696000	86.604	92	0
1532574451.414434000	86.6047	114	0
1532574451.418523000	86.6088	102	1
1532574451.898827000	87.0891	592	1
1532574451.921116000	87.1114	84	0
1532574452.035367000	87.2257	303	0
1532574452.035631000	87.2259	148	0
1532574452.040592000	87.2309	105	1
1532574452.040837000	87.2311	92	0
1532574452.041134000	87.2314	316	0
1532574452.045548000	87.2359	102	1
1532574452.363579000	87.5539	603	1
1532574452.385664000	87.576	84	0
1532574452.686108000	87.8764	347	0
1532574452.686352000	87.8767	148	0
1532574452.690593000	87.8809	105	1
1532574452.691668000	87.882	92	0
1532574452.691976000	87.8823	254	0
1532574452.696574000	87.8869	102	1
1532574452.996930000	88.1872	604	1
1532574453.018454000	88.2088	84	0
1532574453.082005000	88.2723	1412	1
1532574453.082110000	88.2724	1412	1
1532574453.082159000	88.2725	1412	1
1532574453.082199000	88.2725	965	1
1532574453.105013000	88.2953	84	0
1532574453.322648000	88.513	302	0
1532574453.322893000	88.5132	148	0
1532574453.327689000	88.518	108	1
1532574453.328590000	88.5189	92	0
1532574453.328992000	88.5193	338	0
1532574453.333632000	88.5239	102	1
1532574453.393100000	88.5834	399	0
1532574453.397651000	88.588	99	1
1532574453.400995000	88.5913	80	0
1532574453.405652000	88.596	99	1
1532574453.630678000	88.821	595	1
1532574453.653281000	88.8436	84	0
1532574453.772092000	88.9624	289	0
1532574453.772357000	88.9627	148	0
1532574453.776660000	88.967	105	1
1532574453.778125000	88.9684	92	0
1532574453.778507000	88.9688	171	0
1532574453.782664000	88.973	102	1
1532574454.268562000	89.4589	600	1
1532574454.295315000	89.4856	84	0
1532574454.443744000	89.634	255	0
1532574454.444048000	89.6344	148	0
1532574454.446929000	89.6372	92	0
1532574454.447235000	89.6375	264	0
1532574454.448649000	89.639	111	1
1532574454.632126000	89.8224	606	1
1532574454.653661000	89.844	84	0
1532574454.781766000	89.9721	235	0
1532574454.782014000	89.9723	148	0
1532574454.786772000	89.9771	105	1
1532574454.787088000	89.9774	92	0
1532574454.791749000	89.9821	99	1
1532574454.825475000	90.0158	334	0
1532574454.830721000	90.021	99	1
1532574455.319693000	90.51	779	1
1532574455.347101000	90.5374	84	0
1532574455.652446000	90.8428	255	0
1532574455.652707000	90.843	148	0
1532574455.656948000	90.8473	92	0
1532574455.657220000	90.8475	301	0
1532574455.657747000	90.8481	111	1
1532574455.797898000	90.9882	1074	1
1532574455.819999000	91.0103	84	0
1532574455.949587000	91.1399	232	0
1532574455.949855000	91.1402	148	0
1532574455.954782000	91.1451	105	1
1532574455.955555000	91.1459	92	0
1532574455.955943000	91.1462	231	0
1532574455.959769000	91.1501	102	1
1532574456.476553000	91.6669	1288	1
1532574456.497508000	91.6878	84	0
1532574456.802063000	91.9924	256	0
1532574456.802325000	91.9926	148	0
1532574456.806888000	91.9972	105	1
1532574456.807198000	91.9975	92	0
1532574456.807454000	91.9978	328	0
1532574456.811800000	92.0021	102	1
1532574457.187344000	92.3777	615	1
1532574457.209372000	92.3997	84	0
1532574457.336066000	92.5264	235	0
1532574457.336329000	92.5266	148	0
1532574457.340875000	92.5312	105	1
1532574457.350771000	92.5411	92	0
1532574457.351045000	92.5414	133	0
1532574457.355864000	92.5462	102	1
1532574457.594959000	92.7853	598	1
1532574457.615874000	92.8062	97	0
1532574457.620916000	92.8112	99	1
1532574457.919010000	93.1093	302	0
1532574457.919677000	93.11	148	0
1532574457.923950000	93.1143	102	1
1532574457.924217000	93.1145	92	0
1532574457.924905000	93.1152	183	0
1532574457.928899000	93.1192	102	1
1532574458.211155000	93.4015	591	1
1532574458.232241000	93.4225	84	0
1532574458.490484000	93.6808	263	0
1532574458.490684000	93.681	148	0
1532574458.494979000	93.6853	105	1
1532574458.496368000	93.6867	92	0
1532574458.496777000	93.6871	141	0
1532574458.500925000	93.6912	102	1
1532574459.021650000	94.212	603	1
1532574459.053185000	94.2435	84	0
1532574459.202946000	94.3933	279	0
1532574459.203599000	94.3939	148	0
1532574459.208013000	94.3983	105	1
1532574459.208046000	94.3984	92	0
1532574459.208411000	94.3987	86	0
1532574459.212989000	94.4033	102	1
1532574459.288388000	94.4787	582	1
1532574459.312821000	94.5031	84	0
1532574459.620405000	94.8107	350	0
1532574459.620646000	94.811	148	0
1532574459.625012000	94.8153	105	1
1532574459.626324000	94.8166	92	0
1532574459.626603000	94.8169	292	0
1532574459.631025000	94.8213	102	1
1532574460.344654000	95.535	595	1
1532574460.365245000	95.5556	84	0
1532574460.497528000	95.6878	326	0
1532574460.497712000	95.688	148	0
1532574460.502060000	95.6924	105	1
1532574460.502304000	95.6926	92	0
1532574460.502830000	95.6931	119	0
1532574460.507048000	95.6974	102	1
1532574460.667068000	95.8574	594	1
1532574460.688100000	95.8784	84	0
1532574460.830963000	96.0213	234	0
1532574460.831224000	96.0215	148	0
1532574460.836040000	96.0263	105	1
1532574460.836428000	96.0267	92	0
1532574460.836939000	96.0272	247	0
1532574460.841057000	96.0314	102	1
1532574461.245881000	96.4362	616	1
1532574461.266799000	96.4571	84	0
1532574461.391465000	96.5818	234	0
1532574461.391676000	96.582	148	0
1532574461.395798000	96.5861	92	0
1532574461.396064000	96.5864	108	1
1532574461.420594000	96.6109	231	0
1532574461.425108000	96.6154	99	1
1532574461.498979000	96.6893	583	1
1532574461.521278000	96.7116	84	0
1532574461.671231000	96.8615	290	0
1532574461.671511000	96.8618	148	0
1532574461.676149000	96.8665	105	1
1532574461.677224000	96.8675	92	0
1532574461.677452000	96.8678	115	0
1532574461.682112000	96.8724	102	1
1532574463.013232000	98.2035	1060	1
1532574463.034492000	98.2248	84	0
1532574463.147120000	98.3374	259	0
1532574463.147360000	98.3377	148	0
1532574463.151429000	98.3417	92	0
1532574463.151656000	98.342	197	0
1532574463.152040000	98.3423	111	1
1532574463.257662000	98.448	1291	1
1532574463.280577000	98.4709	84	0
1532574463.402887000	98.5932	234	0
1532574463.403350000	98.5937	148	0
1532574463.407402000	98.5977	92	0
1532574463.407860000	98.5982	181	0
1532574463.408125000	98.5984	111	1
1532574463.993162000	99.1835	620	1
1532574464.016882000	99.2072	84	0
1532574464.318694000	99.509	258	0
1532574464.319010000	99.5093	148	0
1532574464.323044000	99.5134	105	1
1532574464.324991000	99.5153	92	0
1532574464.325437000	99.5157	274	0
1532574464.330051000	99.5204	102	1
1532574464.447263000	99.6376	586	1
1532574464.468610000	99.6589	84	0
1532574464.590286000	99.7806	257	0
1532574464.590504000	99.7808	148	0
1532574464.595068000	99.7854	105	1
1532574464.596749000	99.7871	92	0
1532574464.596994000	99.7873	327	0
1532574464.601085000	99.7914	102	1
1532574464.958433000	100.149	579	1
1532574464.979096000	100.169	84	0
1532574465.110616000	100.301	234	0
1532574465.110914000	100.301	148	0
1532574465.115113000	100.305	105	1
1532574465.116973000	100.307	92	0
1532574465.117413000	100.308	327	0
1532574465.122100000	100.312	102	1
1532574465.768303000	100.959	599	1
1532574465.790280000	100.981	84	0
1532574465.915910000	101.106	258	0
1532574465.916166000	101.106	148	0
1532574465.921211000	101.112	105	1
1532574465.922809000	101.113	92	0
1532574465.923077000	101.113	318	0
1532574465.927104000	101.117	102	1
1532574469.162626000	104.353	1412	1
1532574469.162707000	104.353	1412	1
1532574469.162758000	104.353	1412	1
1532574469.162796000	104.353	666	1
1532574469.186707000	104.377	84	0
1532574469.297277000	104.488	458	0
1532574469.302308000	104.493	102	1
1532574469.305446000	104.496	80	0
1532574469.310333000	104.501	99	1
1532574469.398037000	104.588	592	1
1532574469.419435000	104.61	84	0
1532574469.540320000	104.731	310	0
1532574469.540530000	104.731	148	0
1532574469.545390000	104.736	105	1
1532574469.547750000	104.738	92	0
1532574469.548656000	104.739	256	0
1532574469.552319000	104.743	102	1
1532574469.623405000	104.814	593	1
1532574469.644301000	104.835	84	0
1532574469.761997000	104.952	326	0
1532574469.762265000	104.953	148	0
1532574469.767348000	104.958	92	0
1532574469.767449000	104.958	105	1
1532574469.767796000	104.958	206	0
1532574469.772363000	104.963	102	1
1532574470.201971000	105.392	607	1
1532574470.222994000	105.413	84	0
1532574470.348376000	105.539	304	0
1532574470.348641000	105.539	148	0
1532574470.353427000	105.544	105	1
1532574470.354818000	105.545	92	0
1532574470.359407000	105.55	99	1
1532574470.393355000	105.584	234	0
1532574470.398396000	105.589	99	1
1532574470.595451000	105.786	591	1
1532574470.616776000	105.807	84	0
1532574470.732432000	105.923	258	0
1532574470.732719000	105.923	148	0
1532574470.736694000	105.927	92	0
1532574470.737099000	105.927	260	0
1532574470.737526000	105.928	111	1
1532574471.109676000	106.3	607	1
1532574471.131832000	106.322	84	0
1532574471.265998000	106.456	234	0
1532574471.266235000	106.457	148	0
1532574471.269993000	106.46	92	0
1532574471.270418000	106.461	108	0
1532574471.270475000	106.461	108	1
1532574471.275433000	106.466	99	1
1532574471.904409000	107.095	1108	1
1532574471.926262000	107.117	84	0
1532574472.049685000	107.24	291	0
1532574472.049940000	107.24	148	0
1532574472.054481000	107.245	105	1
1532574472.055197000	107.246	92	0
1532574472.055740000	107.246	340	0
1532574472.060277000	107.251	102	1
1532574472.256258000	107.447	1298	1
1532574472.277381000	107.468	84	0
1532574472.398686000	107.589	235	0
1532574472.398988000	107.589	148	0
1532574472.403545000	107.594	92	0
1532574472.403560000	107.594	105	1
1532574472.404232000	107.595	180	0
1532574472.408513000	107.599	102	1
1532574472.960952000	108.151	1412	1
1532574472.961021000	108.151	1412	1
1532574472.961083000	108.151	1412	1
1532574472.961134000	108.151	1270	1
1532574472.961772000	108.152	527	1
1532574472.983335000	108.174	84	0
1532574473.087670000	108.278	398	0
1532574473.092506000	108.283	102	1
1532574473.097567000	108.288	80	0
1532574473.101954000	108.292	232	0
1532574473.102233000	108.293	148	0
1532574473.102682000	108.293	102	1
1532574473.107021000	108.297	92	0
1532574473.107586000	108.298	102	1
1532574473.130841000	108.321	319	0
1532574473.135530000	108.326	99	1
1532574473.366099000	108.556	591	1
1532574473.392459000	108.583	84	0
1532574473.710837000	108.901	258	0
1532574473.711066000	108.901	148	0
1532574473.715621000	108.906	105	1
1532574473.715973000	108.906	92	0
1532574473.716220000	108.907	111	0
1532574473.720565000	108.911	102	1
1532574474.042388000	109.233	599	1
1532574474.063078000	109.253	84	0
1532574474.184493000	109.375	232	0
1532574474.184714000	109.375	148	0
1532574474.189646000	109.38	105	1
1532574474.191936000	109.382	92	0
1532574474.192290000	109.383	92	0
1532574474.196590000	109.387	102	1
1532574474.578301000	109.769	603	1
1532574474.599795000	109.79	84	0
1532574474.729437000	109.92	257	0
1532574474.729691000	109.92	148	0
1532574474.734707000	109.925	105	1
1532574474.735661000	109.926	92	0
1532574474.736057000	109.926	177	0
1532574474.740628000	109.931	102	1
1532574475.230342000	110.421	607	1
1532574475.251662000	110.442	84	0
1532574475.397339000	110.588	278	0
1532574475.397555000	110.588	148	0
1532574475.402659000	110.593	105	1
1532574475.403602000	110.594	92	0
1532574475.403912000	110.594	203	0
1532574475.408659000	110.599	102	1
1532574476.132886000	111.323	723	1
1532574476.155543000	111.346	84	0
1532574476.278994000	111.469	306	0
1532574476.279750000	111.47	148	0
1532574476.283452000	111.474	92	0
1532574476.283691000	111.474	108	1
1532574476.322679000	111.513	88	0
1532574476.327693000	111.518	99	1
1532574476.882443000	112.073	606	1
1532574476.906165000	112.096	84	0
1532574477.027486000	112.218	346	0
1532574477.027754000	112.218	148	0
1532574477.032748000	112.223	105	1
1532574477.032913000	112.223	92	0
1532574477.033432000	112.224	207	0
1532574477.037822000	112.228	102	1
1532574477.393046000	112.583	596	1
1532574477.429364000	112.62	84	0
1532574477.569700000	112.76	327	0
1532574477.569933000	112.76	148	0
1532574477.574829000	112.765	105	1
1532574477.575099000	112.765	92	0
1532574477.579815000	112.77	99	1
1532574477.598142000	112.788	102	0
1532574477.602787000	112.793	99	1
1532574479.558692000	114.749	602	1
1532574479.580896000	114.771	84	0
1532574479.706852000	114.897	257	0
1532574479.707074000	114.897	148	0
1532574479.711735000	114.902	105	1
1532574479.712203000	114.903	92	0
1532574479.712751000	114.903	309	0
1532574479.716701000	114.907	102	1
1532574480.037288000	115.228	1043	1
1532574480.059439000	115.25	84	0
1532574480.192222000	115.383	234	0
1532574480.192429000	115.383	148	0
1532574480.196758000	115.387	105	1
1532574480.198397000	115.389	92	0
1532574480.198682000	115.389	231	0
1532574480.202729000	115.393	102	1
1532574480.518978000	115.709	1306	1
1532574480.542304000	115.733	84	0
1532574480.743603000	115.934	289	0
1532574480.743866000	115.934	148	0
1532574480.748734000	115.939	92	0
1532574480.748742000	115.939	105	1
1532574480.749182000	115.939	213	0
1532574480.753748000	115.944	102	1
1532574481.246607000	116.437	623	1
1532574481.267672000	116.458	84	0
1532574481.398335000	116.589	234	0
1532574481.398580000	116.589	148	0
1532574481.402769000	116.593	105	1
1532574481.404498000	116.595	92	0
1532574481.404776000	116.595	169	0
1532574481.408772000	116.599	102	1
1532574481.936425000	117.127	594	1
1532574481.957741000	117.148	84	0
1532574482.087915000	117.278	257	0
1532574482.088171000	117.278	148	0
1532574482.092881000	117.283	105	1
1532574482.093989000	117.284	92	0
1532574482.094262000	117.285	258	0
1532574482.098823000	117.289	102	1
1532574482.258395000	117.449	599	1
1532574482.289613000	117.48	84	0
1532574482.415458000	117.606	234	0
1532574482.415689000	117.606	148	0
1532574482.419880000	117.61	105	1
1532574482.421675000	117.612	92	0
1532574482.421906000	117.612	166	0
1532574482.426837000	117.617	102	1
1532574482.721727000	117.912	595	1
1532574482.742606000	117.933	84	0
1532574482.871898000	118.062	257	0
1532574482.872100000	118.062	148	0
1532574482.876915000	118.067	105	1
1532574482.877624000	118.068	92	0
1532574482.877999000	118.068	286	0
1532574482.882860000	118.073	102	1
1532574483.248324000	118.439	590	1
1532574483.269491000	118.46	84	0
1532574483.391270000	118.582	234	0
1532574483.391542000	118.582	148	0
1532574483.395899000	118.586	105	1
1532574483.397617000	118.588	92	0
1532574483.397910000	118.588	254	0
1532574483.401893000	118.592	102	1
1532574483.837419000	119.028	597	1
1532574483.858036000	119.048	84	0
1532574483.981304000	119.172	257	0
1532574483.982242000	119.173	148	0
1532574483.985915000	119.176	105	1
1532574483.987066000	119.177	92	0
1532574483.987883000	119.178	286	0
1532574483.991913000	119.182	102	1
1532574484.315368000	119.506	592	1
1532574484.336731000	119.527	84	0
